id,asset,milestone_year,rep_period,time_block_start,time_block_end,dual_max_input_flows_limit_aggregated_vintage_method
1,battery,2030,1,1,1,0.0
2,battery,2030,1,2,2,0.0
3,battery,2030,1,3,3,0.0
4,battery,2030,1,4,4,0.0
5,battery,2030,1,5,5,0.0
6,battery,2030,1,6,6,0.0
7,battery,2030,1,7,7,0.0
8,battery,2030,1,8,8,0.0
9,battery,2030,1,9,9,0.0
10,battery,2030,1,10,10,0.0
11,battery,2030,1,11,11,0.0
12,battery,2030,1,12,12,0.0
13,battery,2030,1,13,13,0.0
14,battery,2030,1,14,14,0.0
15,battery,2030,1,15,15,0.0
16,battery,2030,1,16,16,0.0
17,battery,2030,1,17,17,0.0
18,battery,2030,1,18,18,0.0
19,battery,2030,1,19,19,0.0
20,battery,2030,1,20,20,0.0
21,battery,2030,1,21,21,0.0
22,battery,2030,1,22,22,0.0
23,battery,2030,1,23,23,0.0
24,battery,2030,1,24,24,0.0
25,battery,2030,2,1,1,0.0
26,battery,2030,2,2,2,0.0
27,battery,2030,2,3,3,0.0
28,battery,2030,2,4,4,0.0
29,battery,2030,2,5,5,0.0
30,battery,2030,2,6,6,0.0
31,battery,2030,2,7,7,0.0
32,battery,2030,2,8,8,0.0
33,battery,2030,2,9,9,0.0
34,battery,2030,2,10,10,0.0
35,battery,2030,2,11,11,0.0
36,battery,2030,2,12,12,0.0
37,battery,2030,2,13,13,0.0
38,battery,2030,2,14,14,0.0
39,battery,2030,2,15,15,0.0
40,battery,2030,2,16,16,0.0
41,battery,2030,2,17,17,0.0
42,battery,2030,2,18,18,0.0
43,battery,2030,2,19,19,0.0
44,battery,2030,2,20,20,0.0
45,battery,2030,2,21,21,0.0
46,battery,2030,2,22,22,0.0
47,battery,2030,2,23,23,0.0
48,battery,2030,2,24,24,0.0
49,battery,2030,3,1,1,0.0
50,battery,2030,3,2,2,0.0
51,battery,2030,3,3,3,0.0
52,battery,2030,3,4,4,0.0
53,battery,2030,3,5,5,0.0
54,battery,2030,3,6,6,0.0
55,battery,2030,3,7,7,0.0
56,battery,2030,3,8,8,0.0
57,battery,2030,3,9,9,0.0
58,battery,2030,3,10,10,0.0
59,battery,2030,3,11,11,0.0
60,battery,2030,3,12,12,0.0
61,battery,2030,3,13,13,0.0
62,battery,2030,3,14,14,0.0
63,battery,2030,3,15,15,0.0
64,battery,2030,3,16,16,0.0
65,battery,2030,3,17,17,0.0
66,battery,2030,3,18,18,0.0
67,battery,2030,3,19,19,0.0
68,battery,2030,3,20,20,-0.5945244544522451
69,battery,2030,3,21,21,0.0
70,battery,2030,3,22,22,0.0
71,battery,2030,3,23,23,0.0
72,battery,2030,3,24,24,0.0
73,battery,2030,4,1,1,0.0
74,battery,2030,4,2,2,0.0
75,battery,2030,4,3,3,0.0
76,battery,2030,4,4,4,0.0
77,battery,2030,4,5,5,0.0
78,battery,2030,4,6,6,0.0
79,battery,2030,4,7,7,0.0
80,battery,2030,4,8,8,-0.057063854181169216
81,battery,2030,4,9,9,0.0
82,battery,2030,4,10,10,0.0
83,battery,2030,4,11,11,0.0
84,battery,2030,4,12,12,0.0
85,battery,2030,4,13,13,0.0
86,battery,2030,4,14,14,0.0
87,battery,2030,4,15,15,0.0
88,battery,2030,4,16,16,0.0
89,battery,2030,4,17,17,0.0
90,battery,2030,4,18,18,0.0
91,battery,2030,4,19,19,0.0
92,battery,2030,4,20,20,0.0
93,battery,2030,4,21,21,0.0
94,battery,2030,4,22,22,0.0
95,battery,2030,4,23,23,0.0
96,battery,2030,4,24,24,0.0
97,battery,2030,5,1,1,0.0
98,battery,2030,5,2,2,1.3308996483609293e-18
99,battery,2030,5,3,3,0.0
100,battery,2030,5,4,4,-0.009457703001667955
101,battery,2030,5,5,5,0.0
102,battery,2030,5,6,6,-0.2671073467267925
103,battery,2030,5,7,7,0.0
104,battery,2030,5,8,8,0.0
105,battery,2030,5,9,9,0.0
106,battery,2030,5,10,10,0.0
107,battery,2030,5,11,11,0.0
108,battery,2030,5,12,12,0.0
109,battery,2030,5,13,13,0.0
110,battery,2030,5,14,14,0.0
111,battery,2030,5,15,15,0.0
112,battery,2030,5,16,16,0.0
113,battery,2030,5,17,17,0.0
114,battery,2030,5,18,18,0.0
115,battery,2030,5,19,19,0.0
116,battery,2030,5,20,20,0.0
117,battery,2030,5,21,21,0.0
118,battery,2030,5,22,22,0.0
119,battery,2030,5,23,23,0.0
120,battery,2030,5,24,24,0.0
121,battery,2030,6,1,1,0.0
122,battery,2030,6,2,2,0.0
123,battery,2030,6,3,3,0.0
124,battery,2030,6,4,4,0.0
125,battery,2030,6,5,5,0.0
126,battery,2030,6,6,6,0.0
127,battery,2030,6,7,7,0.0
128,battery,2030,6,8,8,0.0
129,battery,2030,6,9,9,0.0
130,battery,2030,6,10,10,0.0
131,battery,2030,6,11,11,0.0
132,battery,2030,6,12,12,0.0
133,battery,2030,6,13,13,0.0
134,battery,2030,6,14,14,0.0
135,battery,2030,6,15,15,0.0
136,battery,2030,6,16,16,0.0
137,battery,2030,6,17,17,0.0
138,battery,2030,6,18,18,0.0
139,battery,2030,6,19,19,0.0
140,battery,2030,6,20,20,0.0
141,battery,2030,6,21,21,0.0
142,battery,2030,6,22,22,0.0
143,battery,2030,6,23,23,0.0
144,battery,2030,6,24,24,0.0
145,battery,2030,7,1,1,-0.16687570578321623
146,battery,2030,7,2,2,-0.1583636453112637
147,battery,2030,7,3,3,-0.1583636453112637
148,battery,2030,7,4,4,0.0
149,battery,2030,7,5,5,0.0
150,battery,2030,7,6,6,0.0
151,battery,2030,7,7,7,0.0
152,battery,2030,7,8,8,0.0
153,battery,2030,7,9,9,0.0
154,battery,2030,7,10,10,0.0
155,battery,2030,7,11,11,-0.0056073198358987065
156,battery,2030,7,12,12,-0.0056073198358987065
157,battery,2030,7,13,13,-0.0056073198358987065
158,battery,2030,7,14,14,0.0
159,battery,2030,7,15,15,0.0
160,battery,2030,7,16,16,0.0
161,battery,2030,7,17,17,0.0
162,battery,2030,7,18,18,0.0
163,battery,2030,7,19,19,0.0
164,battery,2030,7,20,20,0.0
165,battery,2030,7,21,21,0.0
166,battery,2030,7,22,22,0.0
167,battery,2030,7,23,23,0.0
168,battery,2030,7,24,24,0.0
169,battery,2030,8,1,1,0.0
170,battery,2030,8,2,2,0.0
171,battery,2030,8,3,3,0.0
172,battery,2030,8,4,4,0.0
173,battery,2030,8,5,5,0.0
174,battery,2030,8,6,6,0.0
175,battery,2030,8,7,7,0.0
176,battery,2030,8,8,8,0.0
177,battery,2030,8,9,9,0.0
178,battery,2030,8,10,10,0.0
179,battery,2030,8,11,11,0.0
180,battery,2030,8,12,12,0.0
181,battery,2030,8,13,13,0.0
182,battery,2030,8,14,14,0.0
183,battery,2030,8,15,15,0.0
184,battery,2030,8,16,16,0.0
185,battery,2030,8,17,17,-0.010304667624374866
186,battery,2030,8,18,18,0.0
187,battery,2030,8,19,19,0.0
188,battery,2030,8,20,20,0.0
189,battery,2030,8,21,21,0.0
190,battery,2030,8,22,22,0.0
191,battery,2030,8,23,23,0.0
192,battery,2030,8,24,24,0.0
193,battery,2030,9,1,1,0.0
194,battery,2030,9,2,2,1.6507017925796366e-18
195,battery,2030,9,3,3,0.0
196,battery,2030,9,4,4,0.0
197,battery,2030,9,5,5,0.0
198,battery,2030,9,6,6,0.0
199,battery,2030,9,7,7,0.0
200,battery,2030,9,8,8,0.0
201,battery,2030,9,9,9,0.0
202,battery,2030,9,10,10,0.0
203,battery,2030,9,11,11,0.0
204,battery,2030,9,12,12,0.0
205,battery,2030,9,13,13,0.0
206,battery,2030,9,14,14,0.0
207,battery,2030,9,15,15,0.0
208,battery,2030,9,16,16,0.0
209,battery,2030,9,17,17,0.0
210,battery,2030,9,18,18,0.0
211,battery,2030,9,19,19,0.0
212,battery,2030,9,20,20,0.0
213,battery,2030,9,21,21,0.0
214,battery,2030,9,22,22,0.0
215,battery,2030,9,23,23,0.0
216,battery,2030,9,24,24,0.0
217,battery,2030,10,1,1,0.0
218,battery,2030,10,2,2,0.0
219,battery,2030,10,3,3,0.0
220,battery,2030,10,4,4,0.0
221,battery,2030,10,5,5,0.0
222,battery,2030,10,6,6,0.0
223,battery,2030,10,7,7,0.0
224,battery,2030,10,8,8,0.0
225,battery,2030,10,9,9,0.0
226,battery,2030,10,10,10,0.0
227,battery,2030,10,11,11,0.0
228,battery,2030,10,12,12,0.0
229,battery,2030,10,13,13,0.0
230,battery,2030,10,14,14,0.0
231,battery,2030,10,15,15,0.0
232,battery,2030,10,16,16,-0.393274835000872
233,battery,2030,10,17,17,0.0
234,battery,2030,10,18,18,0.0
235,battery,2030,10,19,19,0.0
236,battery,2030,10,20,20,0.0
237,battery,2030,10,21,21,0.0
238,battery,2030,10,22,22,0.0
239,battery,2030,10,23,23,0.0
240,battery,2030,10,24,24,0.0
241,battery,2030,11,1,1,0.0
242,battery,2030,11,2,2,0.0
243,battery,2030,11,3,3,0.0
244,battery,2030,11,4,4,0.0
245,battery,2030,11,5,5,0.0
246,battery,2030,11,6,6,0.0
247,battery,2030,11,7,7,0.0
248,battery,2030,11,8,8,0.0
249,battery,2030,11,9,9,0.0
250,battery,2030,11,10,10,0.0
251,battery,2030,11,11,11,0.0
252,battery,2030,11,12,12,0.0
253,battery,2030,11,13,13,0.0
254,battery,2030,11,14,14,0.0
255,battery,2030,11,15,15,0.0
256,battery,2030,11,16,16,0.0
257,battery,2030,11,17,17,0.0
258,battery,2030,11,18,18,0.0
259,battery,2030,11,19,19,0.0
260,battery,2030,11,20,20,0.0
261,battery,2030,11,21,21,0.0
262,battery,2030,11,22,22,0.0
263,battery,2030,11,23,23,0.0
264,battery,2030,11,24,24,0.0
265,battery,2030,12,1,1,0.0
266,battery,2030,12,2,2,0.0
267,battery,2030,12,3,3,0.0
268,battery,2030,12,4,4,0.0
269,battery,2030,12,5,5,0.0
270,battery,2030,12,6,6,0.0
271,battery,2030,12,7,7,0.0
272,battery,2030,12,8,8,0.0
273,battery,2030,12,9,9,0.0
274,battery,2030,12,10,10,0.0
275,battery,2030,12,11,11,0.0
276,battery,2030,12,12,12,0.0
277,battery,2030,12,13,13,0.0
278,battery,2030,12,14,14,0.0
279,battery,2030,12,15,15,0.0
280,battery,2030,12,16,16,0.0
281,battery,2030,12,17,17,0.0
282,battery,2030,12,18,18,0.0
283,battery,2030,12,19,19,0.0
284,battery,2030,12,20,20,0.0
285,battery,2030,12,21,21,0.0
286,battery,2030,12,22,22,0.0
287,battery,2030,12,23,23,0.0
288,battery,2030,12,24,24,0.0
289,battery,2030,13,1,1,0.0
290,battery,2030,13,2,2,0.0
291,battery,2030,13,3,3,0.0
292,battery,2030,13,4,4,0.0
293,battery,2030,13,5,5,0.0
294,battery,2030,13,6,6,0.0
295,battery,2030,13,7,7,0.0
296,battery,2030,13,8,8,0.0
297,battery,2030,13,9,9,0.0
298,battery,2030,13,10,10,-0.01191065425997008
299,battery,2030,13,11,11,0.0
300,battery,2030,13,12,12,0.0
301,battery,2030,13,13,13,-0.018080689578702194
302,battery,2030,13,14,14,0.0
303,battery,2030,13,15,15,0.0
304,battery,2030,13,16,16,0.0
305,battery,2030,13,17,17,0.0
306,battery,2030,13,18,18,0.0
307,battery,2030,13,19,19,0.0
308,battery,2030,13,20,20,0.0
309,battery,2030,13,21,21,0.0
310,battery,2030,13,22,22,0.0
311,battery,2030,13,23,23,0.0
312,battery,2030,13,24,24,0.0
313,battery,2030,14,1,1,0.0
314,battery,2030,14,2,2,0.0
315,battery,2030,14,3,3,0.0
316,battery,2030,14,4,4,-0.2101851130969211
317,battery,2030,14,5,5,-0.2101851130969211
318,battery,2030,14,6,6,-0.22148258221913456
319,battery,2030,14,7,7,-0.2101851130969211
320,battery,2030,14,8,8,0.0
321,battery,2030,14,9,9,0.0
322,battery,2030,14,10,10,0.0
323,battery,2030,14,11,11,0.0
324,battery,2030,14,12,12,0.0
325,battery,2030,14,13,13,0.0
326,battery,2030,14,14,14,0.0
327,battery,2030,14,15,15,0.0
328,battery,2030,14,16,16,0.0
329,battery,2030,14,17,17,0.0
330,battery,2030,14,18,18,0.0
331,battery,2030,14,19,19,0.0
332,battery,2030,14,20,20,0.0
333,battery,2030,14,21,21,0.0
334,battery,2030,14,22,22,0.0
335,battery,2030,14,23,23,0.0
336,battery,2030,14,24,24,0.0
337,battery,2030,15,1,1,0.0
338,battery,2030,15,2,2,0.0
339,battery,2030,15,3,3,0.0
340,battery,2030,15,4,4,0.0
341,battery,2030,15,5,5,0.0
342,battery,2030,15,6,6,0.0
343,battery,2030,15,7,7,0.0
344,battery,2030,15,8,8,0.0
345,battery,2030,15,9,9,0.0
346,battery,2030,15,10,10,0.0
347,battery,2030,15,11,11,0.0
348,battery,2030,15,12,12,0.0
349,battery,2030,15,13,13,0.0
350,battery,2030,15,14,14,0.0
351,battery,2030,15,15,15,0.0
352,battery,2030,15,16,16,0.0
353,battery,2030,15,17,17,0.0
354,battery,2030,15,18,18,0.0
355,battery,2030,15,19,19,0.0
356,battery,2030,15,20,20,0.0
357,battery,2030,15,21,21,0.0
358,battery,2030,15,22,22,0.0
359,battery,2030,15,23,23,0.0
360,battery,2030,15,24,24,0.0
361,battery,2030,16,1,1,0.0
362,battery,2030,16,2,2,1.1326975714917119e-18
363,battery,2030,16,3,3,0.0
364,battery,2030,16,4,4,0.0
365,battery,2030,16,5,5,0.0
366,battery,2030,16,6,6,0.0
367,battery,2030,16,7,7,0.0
368,battery,2030,16,8,8,-0.0034513138339533774
369,battery,2030,16,9,9,0.0
370,battery,2030,16,10,10,1.1326975714917119e-18
371,battery,2030,16,11,11,0.0
372,battery,2030,16,12,12,0.0
373,battery,2030,16,13,13,0.0
374,battery,2030,16,14,14,0.0
375,battery,2030,16,15,15,0.0
376,battery,2030,16,16,16,0.0
377,battery,2030,16,17,17,0.0
378,battery,2030,16,18,18,0.0
379,battery,2030,16,19,19,0.0
380,battery,2030,16,20,20,0.0
381,battery,2030,16,21,21,0.0
382,battery,2030,16,22,22,0.0
383,battery,2030,16,23,23,0.0
384,battery,2030,16,24,24,0.0
385,battery,2030,17,1,1,0.0
386,battery,2030,17,2,2,0.0
387,battery,2030,17,3,3,0.0
388,battery,2030,17,4,4,0.0
389,battery,2030,17,5,5,0.0
390,battery,2030,17,6,6,0.0
391,battery,2030,17,7,7,0.0
392,battery,2030,17,8,8,0.0
393,battery,2030,17,9,9,0.0
394,battery,2030,17,10,10,0.0
395,battery,2030,17,11,11,0.0
396,battery,2030,17,12,12,0.0
397,battery,2030,17,13,13,0.0
398,battery,2030,17,14,14,0.0
399,battery,2030,17,15,15,0.0
400,battery,2030,17,16,16,0.0
401,battery,2030,17,17,17,0.0
402,battery,2030,17,18,18,0.0
403,battery,2030,17,19,19,0.0
404,battery,2030,17,20,20,0.0
405,battery,2030,17,21,21,0.0
406,battery,2030,17,22,22,-0.023253788160470294
407,battery,2030,17,23,23,0.0
408,battery,2030,17,24,24,0.0
409,battery,2030,18,1,1,0.0
410,battery,2030,18,2,2,4.395264337843804e-18
411,battery,2030,18,3,3,0.0
412,battery,2030,18,4,4,0.0
413,battery,2030,18,5,5,0.0
414,battery,2030,18,6,6,0.0
415,battery,2030,18,7,7,0.0
416,battery,2030,18,8,8,0.0
417,battery,2030,18,9,9,0.0
418,battery,2030,18,10,10,0.0
419,battery,2030,18,11,11,0.0
420,battery,2030,18,12,12,0.0
421,battery,2030,18,13,13,0.0
422,battery,2030,18,14,14,0.0
423,battery,2030,18,15,15,0.0
424,battery,2030,18,16,16,0.0
425,battery,2030,18,17,17,0.0
426,battery,2030,18,18,18,0.0
427,battery,2030,18,19,19,0.0
428,battery,2030,18,20,20,0.0
429,battery,2030,18,21,21,0.0
430,battery,2030,18,22,22,0.0
431,battery,2030,18,23,23,0.0
432,battery,2030,18,24,24,0.0
433,battery,2030,19,1,1,0.0
434,battery,2030,19,2,2,0.0
435,battery,2030,19,3,3,0.0
436,battery,2030,19,4,4,0.0
437,battery,2030,19,5,5,0.0
438,battery,2030,19,6,6,0.0
439,battery,2030,19,7,7,0.0
440,battery,2030,19,8,8,0.0
441,battery,2030,19,9,9,0.0
442,battery,2030,19,10,10,0.0
443,battery,2030,19,11,11,0.0
444,battery,2030,19,12,12,0.0
445,battery,2030,19,13,13,0.0
446,battery,2030,19,14,14,0.0
447,battery,2030,19,15,15,0.0
448,battery,2030,19,16,16,0.0
449,battery,2030,19,17,17,0.0
450,battery,2030,19,18,18,0.0
451,battery,2030,19,19,19,0.0
452,battery,2030,19,20,20,0.0
453,battery,2030,19,21,21,0.0
454,battery,2030,19,22,22,0.0
455,battery,2030,19,23,23,0.0
456,battery,2030,19,24,24,0.0
457,battery,2030,20,1,1,0.0
458,battery,2030,20,2,2,0.0
459,battery,2030,20,3,3,0.0
460,battery,2030,20,4,4,0.0
461,battery,2030,20,5,5,0.0
462,battery,2030,20,6,6,0.0
463,battery,2030,20,7,7,0.0
464,battery,2030,20,8,8,0.0
465,battery,2030,20,9,9,0.0
466,battery,2030,20,10,10,0.0
467,battery,2030,20,11,11,0.0
468,battery,2030,20,12,12,0.0
469,battery,2030,20,13,13,0.0
470,battery,2030,20,14,14,0.0
471,battery,2030,20,15,15,0.0
472,battery,2030,20,16,16,0.0
473,battery,2030,20,17,17,0.0
474,battery,2030,20,18,18,0.0
475,battery,2030,20,19,19,0.0
476,battery,2030,20,20,20,0.0
477,battery,2030,20,21,21,0.0
478,battery,2030,20,22,22,0.0
479,battery,2030,20,23,23,0.0
480,battery,2030,20,24,24,0.0
481,battery,2030,21,1,1,0.0
482,battery,2030,21,2,2,0.0
483,battery,2030,21,3,3,0.0
484,battery,2030,21,4,4,0.0
485,battery,2030,21,5,5,0.0
486,battery,2030,21,6,6,-0.5989997818830555
487,battery,2030,21,7,7,-0.5746367216676064
488,battery,2030,21,8,8,0.0
489,battery,2030,21,9,9,0.0
490,battery,2030,21,10,10,0.0
491,battery,2030,21,11,11,0.0
492,battery,2030,21,12,12,0.0
493,battery,2030,21,13,13,0.0
494,battery,2030,21,14,14,0.0
495,battery,2030,21,15,15,0.0
496,battery,2030,21,16,16,-0.6055234982041358
497,battery,2030,21,17,17,0.0
498,battery,2030,21,18,18,0.0
499,battery,2030,21,19,19,0.0
500,battery,2030,21,20,20,0.0
501,battery,2030,21,21,21,0.0
502,battery,2030,21,22,22,0.0
503,battery,2030,21,23,23,0.0
504,battery,2030,21,24,24,0.0
505,battery,2030,22,1,1,0.0
506,battery,2030,22,2,2,0.0
507,battery,2030,22,3,3,0.0
508,battery,2030,22,4,4,0.0
509,battery,2030,22,5,5,0.0
510,battery,2030,22,6,6,0.0
511,battery,2030,22,7,7,0.0
512,battery,2030,22,8,8,0.0
513,battery,2030,22,9,9,0.0
514,battery,2030,22,10,10,0.0
515,battery,2030,22,11,11,0.0
516,battery,2030,22,12,12,0.0
517,battery,2030,22,13,13,0.0
518,battery,2030,22,14,14,0.0
519,battery,2030,22,15,15,0.0
520,battery,2030,22,16,16,0.0
521,battery,2030,22,17,17,0.0
522,battery,2030,22,18,18,0.0
523,battery,2030,22,19,19,0.0
524,battery,2030,22,20,20,0.0
525,battery,2030,22,21,21,0.0
526,battery,2030,22,22,22,0.0
527,battery,2030,22,23,23,0.0
528,battery,2030,22,24,24,0.0
529,battery,2030,23,1,1,0.0
530,battery,2030,23,2,2,0.0
531,battery,2030,23,3,3,0.0
532,battery,2030,23,4,4,0.0
533,battery,2030,23,5,5,0.0
534,battery,2030,23,6,6,0.0
535,battery,2030,23,7,7,0.0
536,battery,2030,23,8,8,0.0
537,battery,2030,23,9,9,0.0
538,battery,2030,23,10,10,0.0
539,battery,2030,23,11,11,0.0
540,battery,2030,23,12,12,0.0
541,battery,2030,23,13,13,0.0
542,battery,2030,23,14,14,0.0
543,battery,2030,23,15,15,0.0
544,battery,2030,23,16,16,0.0
545,battery,2030,23,17,17,0.0
546,battery,2030,23,18,18,0.0
547,battery,2030,23,19,19,0.0
548,battery,2030,23,20,20,0.0
549,battery,2030,23,21,21,0.0
550,battery,2030,23,22,22,0.0
551,battery,2030,23,23,23,0.0
552,battery,2030,23,24,24,0.0
553,battery,2030,24,1,1,0.0
554,battery,2030,24,2,2,0.0
555,battery,2030,24,3,3,0.0
556,battery,2030,24,4,4,0.0
557,battery,2030,24,5,5,0.0
558,battery,2030,24,6,6,0.0
559,battery,2030,24,7,7,0.0
560,battery,2030,24,8,8,0.0
561,battery,2030,24,9,9,0.0
562,battery,2030,24,10,10,-0.010703602125513932
563,battery,2030,24,11,11,0.0
564,battery,2030,24,12,12,0.0
565,battery,2030,24,13,13,0.0
566,battery,2030,24,14,14,0.0
567,battery,2030,24,15,15,0.0
568,battery,2030,24,16,16,0.0
569,battery,2030,24,17,17,0.0
570,battery,2030,24,18,18,0.0
571,battery,2030,24,19,19,0.0
572,battery,2030,24,20,20,0.0
573,battery,2030,24,21,21,0.0
574,battery,2030,24,22,22,0.0
575,battery,2030,24,23,23,0.0
576,battery,2030,24,24,24,0.0
577,battery,2030,25,1,1,0.0
578,battery,2030,25,2,2,0.0
579,battery,2030,25,3,3,0.0
580,battery,2030,25,4,4,0.0
581,battery,2030,25,5,5,0.0
582,battery,2030,25,6,6,0.0
583,battery,2030,25,7,7,0.0
584,battery,2030,25,8,8,0.0
585,battery,2030,25,9,9,0.0
586,battery,2030,25,10,10,0.0
587,battery,2030,25,11,11,0.0
588,battery,2030,25,12,12,0.0
589,battery,2030,25,13,13,0.0
590,battery,2030,25,14,14,0.0
591,battery,2030,25,15,15,0.0
592,battery,2030,25,16,16,0.0
593,battery,2030,25,17,17,0.0
594,battery,2030,25,18,18,0.0
595,battery,2030,25,19,19,0.0
596,battery,2030,25,20,20,0.0
597,battery,2030,25,21,21,0.0
598,battery,2030,25,22,22,0.0
599,battery,2030,25,23,23,0.0
600,battery,2030,25,24,24,0.0
601,battery,2030,26,1,1,0.0
602,battery,2030,26,2,2,0.0
603,battery,2030,26,3,3,0.0
604,battery,2030,26,4,4,0.0
605,battery,2030,26,5,5,0.0
606,battery,2030,26,6,6,0.0
607,battery,2030,26,7,7,0.0
608,battery,2030,26,8,8,0.0
609,battery,2030,26,9,9,0.0
610,battery,2030,26,10,10,0.0
611,battery,2030,26,11,11,0.0
612,battery,2030,26,12,12,0.0
613,battery,2030,26,13,13,0.0
614,battery,2030,26,14,14,0.0
615,battery,2030,26,15,15,0.0
616,battery,2030,26,16,16,0.0
617,battery,2030,26,17,17,0.0
618,battery,2030,26,18,18,0.0
619,battery,2030,26,19,19,0.0
620,battery,2030,26,20,20,0.0
621,battery,2030,26,21,21,0.0
622,battery,2030,26,22,22,0.0
623,battery,2030,26,23,23,0.0
624,battery,2030,26,24,24,0.0
625,battery,2030,27,1,1,0.0
626,battery,2030,27,2,2,0.0
627,battery,2030,27,3,3,0.0
628,battery,2030,27,4,4,0.0
629,battery,2030,27,5,5,0.0
630,battery,2030,27,6,6,0.0
631,battery,2030,27,7,7,0.0
632,battery,2030,27,8,8,0.0
633,battery,2030,27,9,9,0.0
634,battery,2030,27,10,10,0.0
635,battery,2030,27,11,11,0.0
636,battery,2030,27,12,12,0.0
637,battery,2030,27,13,13,0.0
638,battery,2030,27,14,14,0.0
639,battery,2030,27,15,15,0.0
640,battery,2030,27,16,16,0.0
641,battery,2030,27,17,17,0.0
642,battery,2030,27,18,18,0.0
643,battery,2030,27,19,19,0.0
644,battery,2030,27,20,20,0.0
645,battery,2030,27,21,21,0.0
646,battery,2030,27,22,22,0.0
647,battery,2030,27,23,23,0.0
648,battery,2030,27,24,24,0.0
649,battery,2030,28,1,1,0.0
650,battery,2030,28,2,2,0.0
651,battery,2030,28,3,3,0.0
652,battery,2030,28,4,4,0.0
653,battery,2030,28,5,5,0.0
654,battery,2030,28,6,6,0.0
655,battery,2030,28,7,7,0.0
656,battery,2030,28,8,8,0.0
657,battery,2030,28,9,9,0.0
658,battery,2030,28,10,10,0.0
659,battery,2030,28,11,11,0.0
660,battery,2030,28,12,12,0.0
661,battery,2030,28,13,13,0.0
662,battery,2030,28,14,14,0.0
663,battery,2030,28,15,15,0.0
664,battery,2030,28,16,16,0.0
665,battery,2030,28,17,17,0.0
666,battery,2030,28,18,18,0.0
667,battery,2030,28,19,19,0.0
668,battery,2030,28,20,20,0.0
669,battery,2030,28,21,21,0.0
670,battery,2030,28,22,22,0.0
671,battery,2030,28,23,23,0.0
672,battery,2030,28,24,24,0.0
673,battery,2030,29,1,1,0.0
674,battery,2030,29,2,2,-7.019227051747731e-18
675,battery,2030,29,3,3,0.0
676,battery,2030,29,4,4,0.0
677,battery,2030,29,5,5,0.0
678,battery,2030,29,6,6,0.0
679,battery,2030,29,7,7,0.0
680,battery,2030,29,8,8,0.0
681,battery,2030,29,9,9,0.0
682,battery,2030,29,10,10,0.0
683,battery,2030,29,11,11,0.0
684,battery,2030,29,12,12,0.0
685,battery,2030,29,13,13,0.0
686,battery,2030,29,14,14,0.0
687,battery,2030,29,15,15,0.0
688,battery,2030,29,16,16,0.0
689,battery,2030,29,17,17,0.0
690,battery,2030,29,18,18,0.0
691,battery,2030,29,19,19,0.0
692,battery,2030,29,20,20,0.0
693,battery,2030,29,21,21,0.0
694,battery,2030,29,22,22,0.0
695,battery,2030,29,23,23,0.0
696,battery,2030,29,24,24,0.0
697,battery,2030,30,1,1,0.0
698,battery,2030,30,2,2,0.0
699,battery,2030,30,3,3,0.0
700,battery,2030,30,4,4,0.0
701,battery,2030,30,5,5,0.0
702,battery,2030,30,6,6,0.0
703,battery,2030,30,7,7,0.0
704,battery,2030,30,8,8,0.0
705,battery,2030,30,9,9,0.0
706,battery,2030,30,10,10,0.0
707,battery,2030,30,11,11,0.0
708,battery,2030,30,12,12,0.0
709,battery,2030,30,13,13,0.0
710,battery,2030,30,14,14,0.0
711,battery,2030,30,15,15,0.0
712,battery,2030,30,16,16,0.0
713,battery,2030,30,17,17,0.0
714,battery,2030,30,18,18,0.0
715,battery,2030,30,19,19,0.0
716,battery,2030,30,20,20,0.0
717,battery,2030,30,21,21,0.0
718,battery,2030,30,22,22,0.0
719,battery,2030,30,23,23,0.0
720,battery,2030,30,24,24,0.0
721,battery,2030,31,1,1,0.0
722,battery,2030,31,2,2,2.8704772452855825e-18
723,battery,2030,31,3,3,0.0
724,battery,2030,31,4,4,0.0
725,battery,2030,31,5,5,0.0
726,battery,2030,31,6,6,0.0
727,battery,2030,31,7,7,0.0
728,battery,2030,31,8,8,0.0
729,battery,2030,31,9,9,0.0
730,battery,2030,31,10,10,0.0
731,battery,2030,31,11,11,0.0
732,battery,2030,31,12,12,0.0
733,battery,2030,31,13,13,0.0
734,battery,2030,31,14,14,0.0
735,battery,2030,31,15,15,0.0
736,battery,2030,31,16,16,0.0
737,battery,2030,31,17,17,0.0
738,battery,2030,31,18,18,0.0
739,battery,2030,31,19,19,0.0
740,battery,2030,31,20,20,0.0
741,battery,2030,31,21,21,0.0
742,battery,2030,31,22,22,0.0
743,battery,2030,31,23,23,0.0
744,battery,2030,31,24,24,0.0
745,battery,2030,32,1,1,0.0
746,battery,2030,32,2,2,0.0
747,battery,2030,32,3,3,0.0
748,battery,2030,32,4,4,0.0
749,battery,2030,32,5,5,0.0
750,battery,2030,32,6,6,0.0
751,battery,2030,32,7,7,0.0
752,battery,2030,32,8,8,0.0
753,battery,2030,32,9,9,0.0
754,battery,2030,32,10,10,0.0
755,battery,2030,32,11,11,0.0
756,battery,2030,32,12,12,0.0
757,battery,2030,32,13,13,0.0
758,battery,2030,32,14,14,0.0
759,battery,2030,32,15,15,0.0
760,battery,2030,32,16,16,0.0
761,battery,2030,32,17,17,0.0
762,battery,2030,32,18,18,0.0
763,battery,2030,32,19,19,0.0
764,battery,2030,32,20,20,0.0
765,battery,2030,32,21,21,0.0
766,battery,2030,32,22,22,0.0
767,battery,2030,32,23,23,0.0
768,battery,2030,32,24,24,0.0
769,battery,2030,33,1,1,0.0
770,battery,2030,33,2,2,1.5750316532509077e-18
771,battery,2030,33,3,3,0.0
772,battery,2030,33,4,4,0.0
773,battery,2030,33,5,5,0.0
774,battery,2030,33,6,6,0.0
775,battery,2030,33,7,7,0.0
776,battery,2030,33,8,8,0.0
777,battery,2030,33,9,9,0.0
778,battery,2030,33,10,10,0.0
779,battery,2030,33,11,11,0.0
780,battery,2030,33,12,12,0.0
781,battery,2030,33,13,13,0.0
782,battery,2030,33,14,14,0.0
783,battery,2030,33,15,15,0.0
784,battery,2030,33,16,16,0.0
785,battery,2030,33,17,17,0.0
786,battery,2030,33,18,18,0.0
787,battery,2030,33,19,19,0.0
788,battery,2030,33,20,20,0.0
789,battery,2030,33,21,21,0.0
790,battery,2030,33,22,22,0.0
791,battery,2030,33,23,23,0.0
792,battery,2030,33,24,24,0.0
793,battery,2030,34,1,1,0.0
794,battery,2030,34,2,2,0.0
795,battery,2030,34,3,3,0.0
796,battery,2030,34,4,4,0.0
797,battery,2030,34,5,5,0.0
798,battery,2030,34,6,6,0.0
799,battery,2030,34,7,7,0.0
800,battery,2030,34,8,8,0.0
801,battery,2030,34,9,9,0.0
802,battery,2030,34,10,10,0.0
803,battery,2030,34,11,11,0.0
804,battery,2030,34,12,12,0.0
805,battery,2030,34,13,13,0.0
806,battery,2030,34,14,14,0.0
807,battery,2030,34,15,15,0.0
808,battery,2030,34,16,16,0.0
809,battery,2030,34,17,17,0.0
810,battery,2030,34,18,18,0.0
811,battery,2030,34,19,19,0.0
812,battery,2030,34,20,20,0.0
813,battery,2030,34,21,21,0.0
814,battery,2030,34,22,22,0.0
815,battery,2030,34,23,23,0.0
816,battery,2030,34,24,24,0.0
817,battery,2030,35,1,1,0.0
818,battery,2030,35,2,2,0.0
819,battery,2030,35,3,3,0.0
820,battery,2030,35,4,4,0.0
821,battery,2030,35,5,5,0.0
822,battery,2030,35,6,6,0.0
823,battery,2030,35,7,7,0.0
824,battery,2030,35,8,8,0.0
825,battery,2030,35,9,9,0.0
826,battery,2030,35,10,10,0.0
827,battery,2030,35,11,11,0.0
828,battery,2030,35,12,12,0.0
829,battery,2030,35,13,13,0.0
830,battery,2030,35,14,14,0.0
831,battery,2030,35,15,15,0.0
832,battery,2030,35,16,16,0.0
833,battery,2030,35,17,17,0.0
834,battery,2030,35,18,18,0.0
835,battery,2030,35,19,19,0.0
836,battery,2030,35,20,20,0.0
837,battery,2030,35,21,21,0.0
838,battery,2030,35,22,22,0.0
839,battery,2030,35,23,23,0.0
840,battery,2030,35,24,24,0.0
841,battery,2030,36,1,1,0.0
842,battery,2030,36,2,2,0.0
843,battery,2030,36,3,3,0.0
844,battery,2030,36,4,4,0.0
845,battery,2030,36,5,5,0.0
846,battery,2030,36,6,6,0.0
847,battery,2030,36,7,7,0.0
848,battery,2030,36,8,8,0.0
849,battery,2030,36,9,9,0.0
850,battery,2030,36,10,10,0.0
851,battery,2030,36,11,11,0.0
852,battery,2030,36,12,12,0.0
853,battery,2030,36,13,13,0.0
854,battery,2030,36,14,14,0.0
855,battery,2030,36,15,15,0.0
856,battery,2030,36,16,16,0.0
857,battery,2030,36,17,17,0.0
858,battery,2030,36,18,18,0.0
859,battery,2030,36,19,19,0.0
860,battery,2030,36,20,20,0.0
861,battery,2030,36,21,21,0.0
862,battery,2030,36,22,22,0.0
863,battery,2030,36,23,23,0.0
864,battery,2030,36,24,24,0.0
865,battery,2030,37,1,1,0.0
866,battery,2030,37,2,2,0.0
867,battery,2030,37,3,3,0.0
868,battery,2030,37,4,4,0.0
869,battery,2030,37,5,5,0.0
870,battery,2030,37,6,6,0.0
871,battery,2030,37,7,7,0.0
872,battery,2030,37,8,8,0.0
873,battery,2030,37,9,9,0.0
874,battery,2030,37,10,10,0.0
875,battery,2030,37,11,11,0.0
876,battery,2030,37,12,12,0.0
877,battery,2030,37,13,13,0.0
878,battery,2030,37,14,14,0.0
879,battery,2030,37,15,15,0.0
880,battery,2030,37,16,16,0.0
881,battery,2030,37,17,17,0.0
882,battery,2030,37,18,18,0.0
883,battery,2030,37,19,19,0.0
884,battery,2030,37,20,20,0.0
885,battery,2030,37,21,21,0.0
886,battery,2030,37,22,22,0.0
887,battery,2030,37,23,23,0.0
888,battery,2030,37,24,24,0.0
889,battery,2030,38,1,1,0.0
890,battery,2030,38,2,2,0.0
891,battery,2030,38,3,3,0.0
892,battery,2030,38,4,4,0.0
893,battery,2030,38,5,5,0.0
894,battery,2030,38,6,6,0.0
895,battery,2030,38,7,7,0.0
896,battery,2030,38,8,8,0.0
897,battery,2030,38,9,9,0.0
898,battery,2030,38,10,10,0.0
899,battery,2030,38,11,11,0.0
900,battery,2030,38,12,12,0.0
901,battery,2030,38,13,13,0.0
902,battery,2030,38,14,14,0.0
903,battery,2030,38,15,15,0.0
904,battery,2030,38,16,16,0.0
905,battery,2030,38,17,17,0.0
906,battery,2030,38,18,18,0.0
907,battery,2030,38,19,19,0.0
908,battery,2030,38,20,20,0.0
909,battery,2030,38,21,21,0.0
910,battery,2030,38,22,22,0.0
911,battery,2030,38,23,23,0.0
912,battery,2030,38,24,24,0.0
913,battery,2030,39,1,1,0.0
914,battery,2030,39,2,2,-4.445415072902373e-18
915,battery,2030,39,3,3,0.0
916,battery,2030,39,4,4,0.0
917,battery,2030,39,5,5,0.0
918,battery,2030,39,6,6,0.0
919,battery,2030,39,7,7,0.0
920,battery,2030,39,8,8,0.0
921,battery,2030,39,9,9,0.0
922,battery,2030,39,10,10,0.0
923,battery,2030,39,11,11,0.0
924,battery,2030,39,12,12,0.0
925,battery,2030,39,13,13,0.0
926,battery,2030,39,14,14,0.0
927,battery,2030,39,15,15,0.0
928,battery,2030,39,16,16,0.0
929,battery,2030,39,17,17,0.0
930,battery,2030,39,18,18,0.0
931,battery,2030,39,19,19,0.0
932,battery,2030,39,20,20,0.0
933,battery,2030,39,21,21,0.0
934,battery,2030,39,22,22,0.0
935,battery,2030,39,23,23,0.0
936,battery,2030,39,24,24,0.0
937,battery,2030,40,1,1,0.0
938,battery,2030,40,2,2,0.0
939,battery,2030,40,3,3,0.0
940,battery,2030,40,4,4,0.0
941,battery,2030,40,5,5,0.0
942,battery,2030,40,6,6,0.0
943,battery,2030,40,7,7,0.0
944,battery,2030,40,8,8,0.0
945,battery,2030,40,9,9,0.0
946,battery,2030,40,10,10,0.0
947,battery,2030,40,11,11,0.0
948,battery,2030,40,12,12,0.0
949,battery,2030,40,13,13,0.0
950,battery,2030,40,14,14,0.0
951,battery,2030,40,15,15,0.0
952,battery,2030,40,16,16,0.0
953,battery,2030,40,17,17,0.0
954,battery,2030,40,18,18,0.0
955,battery,2030,40,19,19,0.0
956,battery,2030,40,20,20,0.0
957,battery,2030,40,21,21,0.0
958,battery,2030,40,22,22,0.0
959,battery,2030,40,23,23,0.0
960,battery,2030,40,24,24,0.0
961,battery,2030,41,1,1,0.0
962,battery,2030,41,2,2,0.0
963,battery,2030,41,3,3,0.0
964,battery,2030,41,4,4,0.0
965,battery,2030,41,5,5,0.0
966,battery,2030,41,6,6,0.0
967,battery,2030,41,7,7,0.0
968,battery,2030,41,8,8,0.0
969,battery,2030,41,9,9,0.0
970,battery,2030,41,10,10,0.0
971,battery,2030,41,11,11,0.0
972,battery,2030,41,12,12,0.0
973,battery,2030,41,13,13,0.0
974,battery,2030,41,14,14,0.0
975,battery,2030,41,15,15,0.0
976,battery,2030,41,16,16,0.0
977,battery,2030,41,17,17,0.0
978,battery,2030,41,18,18,0.0
979,battery,2030,41,19,19,0.0
980,battery,2030,41,20,20,0.0
981,battery,2030,41,21,21,0.0
982,battery,2030,41,22,22,0.0
983,battery,2030,41,23,23,0.0
984,battery,2030,41,24,24,0.0
985,battery,2030,42,1,1,0.0
986,battery,2030,42,2,2,-3.2453980291599174e-18
987,battery,2030,42,3,3,0.0
988,battery,2030,42,4,4,0.0
989,battery,2030,42,5,5,0.0
990,battery,2030,42,6,6,0.0
991,battery,2030,42,7,7,0.0
992,battery,2030,42,8,8,0.0
993,battery,2030,42,9,9,0.0
994,battery,2030,42,10,10,0.0
995,battery,2030,42,11,11,0.0
996,battery,2030,42,12,12,0.0
997,battery,2030,42,13,13,0.0
998,battery,2030,42,14,14,0.0
999,battery,2030,42,15,15,0.0
1000,battery,2030,42,16,16,0.0
1001,battery,2030,42,17,17,0.0
1002,battery,2030,42,18,18,0.0
1003,battery,2030,42,19,19,0.0
1004,battery,2030,42,20,20,0.0
1005,battery,2030,42,21,21,0.0
1006,battery,2030,42,22,22,0.0
1007,battery,2030,42,23,23,0.0
1008,battery,2030,42,24,24,0.0
1009,battery,2030,43,1,1,0.0
1010,battery,2030,43,2,2,0.0
1011,battery,2030,43,3,3,0.0
1012,battery,2030,43,4,4,0.0
1013,battery,2030,43,5,5,0.0
1014,battery,2030,43,6,6,0.0
1015,battery,2030,43,7,7,0.0
1016,battery,2030,43,8,8,0.0
1017,battery,2030,43,9,9,0.0
1018,battery,2030,43,10,10,0.0
1019,battery,2030,43,11,11,0.0
1020,battery,2030,43,12,12,0.0
1021,battery,2030,43,13,13,0.0
1022,battery,2030,43,14,14,0.0
1023,battery,2030,43,15,15,0.0
1024,battery,2030,43,16,16,0.0
1025,battery,2030,43,17,17,0.0
1026,battery,2030,43,18,18,0.0
1027,battery,2030,43,19,19,0.0
1028,battery,2030,43,20,20,0.0
1029,battery,2030,43,21,21,0.0
1030,battery,2030,43,22,22,0.0
1031,battery,2030,43,23,23,0.0
1032,battery,2030,43,24,24,0.0
1033,battery,2030,44,1,1,0.0
1034,battery,2030,44,2,2,0.0
1035,battery,2030,44,3,3,0.0
1036,battery,2030,44,4,4,0.0
1037,battery,2030,44,5,5,0.0
1038,battery,2030,44,6,6,0.0
1039,battery,2030,44,7,7,0.0
1040,battery,2030,44,8,8,0.0
1041,battery,2030,44,9,9,0.0
1042,battery,2030,44,10,10,0.0
1043,battery,2030,44,11,11,0.0
1044,battery,2030,44,12,12,0.0
1045,battery,2030,44,13,13,0.0
1046,battery,2030,44,14,14,0.0
1047,battery,2030,44,15,15,0.0
1048,battery,2030,44,16,16,0.0
1049,battery,2030,44,17,17,0.0
1050,battery,2030,44,18,18,0.0
1051,battery,2030,44,19,19,0.0
1052,battery,2030,44,20,20,0.0
1053,battery,2030,44,21,21,0.0
1054,battery,2030,44,22,22,0.0
1055,battery,2030,44,23,23,0.0
1056,battery,2030,44,24,24,0.0
1057,battery,2030,45,1,1,0.0
1058,battery,2030,45,2,2,0.0
1059,battery,2030,45,3,3,0.0
1060,battery,2030,45,4,4,0.0
1061,battery,2030,45,5,5,0.0
1062,battery,2030,45,6,6,0.0
1063,battery,2030,45,7,7,0.0
1064,battery,2030,45,8,8,0.0
1065,battery,2030,45,9,9,0.0
1066,battery,2030,45,10,10,0.0
1067,battery,2030,45,11,11,0.0
1068,battery,2030,45,12,12,0.0
1069,battery,2030,45,13,13,0.0
1070,battery,2030,45,14,14,0.0
1071,battery,2030,45,15,15,0.0
1072,battery,2030,45,16,16,0.0
1073,battery,2030,45,17,17,0.0
1074,battery,2030,45,18,18,0.0
1075,battery,2030,45,19,19,0.0
1076,battery,2030,45,20,20,0.0
1077,battery,2030,45,21,21,0.0
1078,battery,2030,45,22,22,0.0
1079,battery,2030,45,23,23,0.0
1080,battery,2030,45,24,24,0.0
1081,battery,2030,46,1,1,0.0
1082,battery,2030,46,2,2,4.084391039370921e-18
1083,battery,2030,46,3,3,0.0
1084,battery,2030,46,4,4,0.0
1085,battery,2030,46,5,5,0.0
1086,battery,2030,46,6,6,0.0
1087,battery,2030,46,7,7,0.0
1088,battery,2030,46,8,8,0.0
1089,battery,2030,46,9,9,0.0
1090,battery,2030,46,10,10,0.0
1091,battery,2030,46,11,11,0.0
1092,battery,2030,46,12,12,0.0
1093,battery,2030,46,13,13,0.0
1094,battery,2030,46,14,14,0.0
1095,battery,2030,46,15,15,0.0
1096,battery,2030,46,16,16,0.0
1097,battery,2030,46,17,17,0.0
1098,battery,2030,46,18,18,0.0
1099,battery,2030,46,19,19,0.0
1100,battery,2030,46,20,20,0.0
1101,battery,2030,46,21,21,0.0
1102,battery,2030,46,22,22,0.0
1103,battery,2030,46,23,23,0.0
1104,battery,2030,46,24,24,0.0
1105,battery,2030,47,1,1,0.0
1106,battery,2030,47,2,2,-5.8221538246672905e-18
1107,battery,2030,47,3,3,0.0
1108,battery,2030,47,4,4,0.0
1109,battery,2030,47,5,5,0.0
1110,battery,2030,47,6,6,0.0
1111,battery,2030,47,7,7,0.0
1112,battery,2030,47,8,8,0.0
1113,battery,2030,47,9,9,0.0
1114,battery,2030,47,10,10,0.0
1115,battery,2030,47,11,11,0.0
1116,battery,2030,47,12,12,0.0
1117,battery,2030,47,13,13,0.0
1118,battery,2030,47,14,14,0.0
1119,battery,2030,47,15,15,0.0
1120,battery,2030,47,16,16,0.0
1121,battery,2030,47,17,17,0.0
1122,battery,2030,47,18,18,0.0
1123,battery,2030,47,19,19,0.0
1124,battery,2030,47,20,20,0.0
1125,battery,2030,47,21,21,0.0
1126,battery,2030,47,22,22,0.0
1127,battery,2030,47,23,23,0.0
1128,battery,2030,47,24,24,0.0
1129,battery,2030,48,1,1,0.0
1130,battery,2030,48,2,2,0.0
1131,battery,2030,48,3,3,0.0
1132,battery,2030,48,4,4,0.0
1133,battery,2030,48,5,5,0.0
1134,battery,2030,48,6,6,0.0
1135,battery,2030,48,7,7,0.0
1136,battery,2030,48,8,8,0.0
1137,battery,2030,48,9,9,0.0
1138,battery,2030,48,10,10,0.0
1139,battery,2030,48,11,11,0.0
1140,battery,2030,48,12,12,0.0
1141,battery,2030,48,13,13,0.0
1142,battery,2030,48,14,14,0.0
1143,battery,2030,48,15,15,0.0
1144,battery,2030,48,16,16,0.0
1145,battery,2030,48,17,17,0.0
1146,battery,2030,48,18,18,0.0
1147,battery,2030,48,19,19,0.0
1148,battery,2030,48,20,20,0.0
1149,battery,2030,48,21,21,0.0
1150,battery,2030,48,22,22,0.0
1151,battery,2030,48,23,23,0.0
1152,battery,2030,48,24,24,0.0
1153,battery,2030,49,1,1,0.0
1154,battery,2030,49,2,2,0.0
1155,battery,2030,49,3,3,0.0
1156,battery,2030,49,4,4,0.0
1157,battery,2030,49,5,5,0.0
1158,battery,2030,49,6,6,0.0
1159,battery,2030,49,7,7,5.274528789626015e-18
1160,battery,2030,49,8,8,0.0
1161,battery,2030,49,9,9,0.0
1162,battery,2030,49,10,10,0.0
1163,battery,2030,49,11,11,0.0
1164,battery,2030,49,12,12,0.0
1165,battery,2030,49,13,13,0.0
1166,battery,2030,49,14,14,0.0
1167,battery,2030,49,15,15,0.0
1168,battery,2030,49,16,16,0.0
1169,battery,2030,49,17,17,0.0
1170,battery,2030,49,18,18,0.0
1171,battery,2030,49,19,19,0.0
1172,battery,2030,49,20,20,0.0
1173,battery,2030,49,21,21,0.0
1174,battery,2030,49,22,22,0.0
1175,battery,2030,49,23,23,0.0
1176,battery,2030,49,24,24,0.0
1177,battery,2030,50,1,1,0.0
1178,battery,2030,50,2,2,0.0
1179,battery,2030,50,3,3,0.0
1180,battery,2030,50,4,4,0.0
1181,battery,2030,50,5,5,0.0
1182,battery,2030,50,6,6,0.0
1183,battery,2030,50,7,7,0.0
1184,battery,2030,50,8,8,0.0
1185,battery,2030,50,9,9,0.0
1186,battery,2030,50,10,10,0.0
1187,battery,2030,50,11,11,0.0
1188,battery,2030,50,12,12,0.0
1189,battery,2030,50,13,13,0.0
1190,battery,2030,50,14,14,0.0
1191,battery,2030,50,15,15,0.0
1192,battery,2030,50,16,16,0.0
1193,battery,2030,50,17,17,0.0
1194,battery,2030,50,18,18,0.0
1195,battery,2030,50,19,19,0.0
1196,battery,2030,50,20,20,0.0
1197,battery,2030,50,21,21,0.0
1198,battery,2030,50,22,22,0.0
1199,battery,2030,50,23,23,0.0
1200,battery,2030,50,24,24,0.0
1201,battery,2030,51,1,1,0.0
1202,battery,2030,51,2,2,0.0
1203,battery,2030,51,3,3,0.0
1204,battery,2030,51,4,4,0.0
1205,battery,2030,51,5,5,0.0
1206,battery,2030,51,6,6,0.0
1207,battery,2030,51,7,7,0.0
1208,battery,2030,51,8,8,0.0
1209,battery,2030,51,9,9,0.0
1210,battery,2030,51,10,10,0.0
1211,battery,2030,51,11,11,0.0
1212,battery,2030,51,12,12,0.0
1213,battery,2030,51,13,13,0.0
1214,battery,2030,51,14,14,0.0
1215,battery,2030,51,15,15,0.0
1216,battery,2030,51,16,16,0.0
1217,battery,2030,51,17,17,0.0
1218,battery,2030,51,18,18,0.0
1219,battery,2030,51,19,19,0.0
1220,battery,2030,51,20,20,0.0
1221,battery,2030,51,21,21,0.0
1222,battery,2030,51,22,22,0.0
1223,battery,2030,51,23,23,0.0
1224,battery,2030,51,24,24,0.0
1225,battery,2030,52,1,1,0.0
1226,battery,2030,52,2,2,0.0
1227,battery,2030,52,3,3,0.0
1228,battery,2030,52,4,4,0.0
1229,battery,2030,52,5,5,0.0
1230,battery,2030,52,6,6,0.0
1231,battery,2030,52,7,7,0.0
1232,battery,2030,52,8,8,0.0
1233,battery,2030,52,9,9,0.0
1234,battery,2030,52,10,10,0.0
1235,battery,2030,52,11,11,0.0
1236,battery,2030,52,12,12,0.0
1237,battery,2030,52,13,13,0.0
1238,battery,2030,52,14,14,0.0
1239,battery,2030,52,15,15,0.0
1240,battery,2030,52,16,16,0.0
1241,battery,2030,52,17,17,0.0
1242,battery,2030,52,18,18,0.0
1243,battery,2030,52,19,19,0.0
1244,battery,2030,52,20,20,0.0
1245,battery,2030,52,21,21,0.0
1246,battery,2030,52,22,22,0.0
1247,battery,2030,52,23,23,0.0
1248,battery,2030,52,24,24,0.0
1249,battery,2030,53,1,1,0.0
1250,battery,2030,53,2,2,0.0
1251,battery,2030,53,3,3,0.0
1252,battery,2030,53,4,4,0.0
1253,battery,2030,53,5,5,0.0
1254,battery,2030,53,6,6,0.0
1255,battery,2030,53,7,7,0.0
1256,battery,2030,53,8,8,0.0
1257,battery,2030,53,9,9,0.0
1258,battery,2030,53,10,10,0.0
1259,battery,2030,53,11,11,0.0
1260,battery,2030,53,12,12,0.0
1261,battery,2030,53,13,13,0.0
1262,battery,2030,53,14,14,0.0
1263,battery,2030,53,15,15,0.0
1264,battery,2030,53,16,16,0.0
1265,battery,2030,53,17,17,0.0
1266,battery,2030,53,18,18,0.0
1267,battery,2030,53,19,19,0.0
1268,battery,2030,53,20,20,0.0
1269,battery,2030,53,21,21,0.0
1270,battery,2030,53,22,22,0.0
1271,battery,2030,53,23,23,0.0
1272,battery,2030,53,24,24,0.0
1273,battery,2030,54,1,1,0.0
1274,battery,2030,54,2,2,0.0
1275,battery,2030,54,3,3,0.0
1276,battery,2030,54,4,4,0.0
1277,battery,2030,54,5,5,0.0
1278,battery,2030,54,6,6,0.0
1279,battery,2030,54,7,7,0.0
1280,battery,2030,54,8,8,0.0
1281,battery,2030,54,9,9,0.0
1282,battery,2030,54,10,10,0.0
1283,battery,2030,54,11,11,0.0
1284,battery,2030,54,12,12,0.0
1285,battery,2030,54,13,13,0.0
1286,battery,2030,54,14,14,0.0
1287,battery,2030,54,15,15,0.0
1288,battery,2030,54,16,16,0.0
1289,battery,2030,54,17,17,0.0
1290,battery,2030,54,18,18,0.0
1291,battery,2030,54,19,19,0.0
1292,battery,2030,54,20,20,0.0
1293,battery,2030,54,21,21,0.0
1294,battery,2030,54,22,22,0.0
1295,battery,2030,54,23,23,0.0
1296,battery,2030,54,24,24,0.0
1297,battery,2030,55,1,1,0.0
1298,battery,2030,55,2,2,0.0
1299,battery,2030,55,3,3,0.0
1300,battery,2030,55,4,4,0.0
1301,battery,2030,55,5,5,0.0
1302,battery,2030,55,6,6,0.0
1303,battery,2030,55,7,7,0.0
1304,battery,2030,55,8,8,0.0
1305,battery,2030,55,9,9,0.0
1306,battery,2030,55,10,10,0.0
1307,battery,2030,55,11,11,0.0
1308,battery,2030,55,12,12,0.0
1309,battery,2030,55,13,13,0.0
1310,battery,2030,55,14,14,0.0
1311,battery,2030,55,15,15,0.0
1312,battery,2030,55,16,16,0.0
1313,battery,2030,55,17,17,0.0
1314,battery,2030,55,18,18,0.0
1315,battery,2030,55,19,19,0.0
1316,battery,2030,55,20,20,0.0
1317,battery,2030,55,21,21,0.0
1318,battery,2030,55,22,22,0.0
1319,battery,2030,55,23,23,0.0
1320,battery,2030,55,24,24,0.0
1321,battery,2030,56,1,1,0.0
1322,battery,2030,56,2,2,0.0
1323,battery,2030,56,3,3,0.0
1324,battery,2030,56,4,4,0.0
1325,battery,2030,56,5,5,0.0
1326,battery,2030,56,6,6,0.0
1327,battery,2030,56,7,7,0.0
1328,battery,2030,56,8,8,0.0
1329,battery,2030,56,9,9,0.0
1330,battery,2030,56,10,10,0.0
1331,battery,2030,56,11,11,0.0
1332,battery,2030,56,12,12,0.0
1333,battery,2030,56,13,13,0.0
1334,battery,2030,56,14,14,0.0
1335,battery,2030,56,15,15,0.0
1336,battery,2030,56,16,16,0.0
1337,battery,2030,56,17,17,0.0
1338,battery,2030,56,18,18,0.0
1339,battery,2030,56,19,19,0.0
1340,battery,2030,56,20,20,0.0
1341,battery,2030,56,21,21,0.0
1342,battery,2030,56,22,22,0.0
1343,battery,2030,56,23,23,0.0
1344,battery,2030,56,24,24,0.0
1345,battery,2030,57,1,1,0.0
1346,battery,2030,57,2,2,0.0
1347,battery,2030,57,3,3,0.0
1348,battery,2030,57,4,4,0.0
1349,battery,2030,57,5,5,0.0
1350,battery,2030,57,6,6,0.0
1351,battery,2030,57,7,7,0.0
1352,battery,2030,57,8,8,0.0
1353,battery,2030,57,9,9,0.0
1354,battery,2030,57,10,10,0.0
1355,battery,2030,57,11,11,0.0
1356,battery,2030,57,12,12,0.0
1357,battery,2030,57,13,13,0.0
1358,battery,2030,57,14,14,0.0
1359,battery,2030,57,15,15,0.0
1360,battery,2030,57,16,16,0.0
1361,battery,2030,57,17,17,0.0
1362,battery,2030,57,18,18,0.0
1363,battery,2030,57,19,19,0.0
1364,battery,2030,57,20,20,0.0
1365,battery,2030,57,21,21,0.0
1366,battery,2030,57,22,22,0.0
1367,battery,2030,57,23,23,0.0
1368,battery,2030,57,24,24,0.0
1369,battery,2030,58,1,1,0.0
1370,battery,2030,58,2,2,0.0
1371,battery,2030,58,3,3,0.0
1372,battery,2030,58,4,4,0.0
1373,battery,2030,58,5,5,0.0
1374,battery,2030,58,6,6,0.0
1375,battery,2030,58,7,7,0.0
1376,battery,2030,58,8,8,0.0
1377,battery,2030,58,9,9,0.0
1378,battery,2030,58,10,10,0.0
1379,battery,2030,58,11,11,0.0
1380,battery,2030,58,12,12,0.0
1381,battery,2030,58,13,13,0.0
1382,battery,2030,58,14,14,0.0
1383,battery,2030,58,15,15,0.0
1384,battery,2030,58,16,16,0.0
1385,battery,2030,58,17,17,0.0
1386,battery,2030,58,18,18,0.0
1387,battery,2030,58,19,19,0.0
1388,battery,2030,58,20,20,0.0
1389,battery,2030,58,21,21,0.0
1390,battery,2030,58,22,22,0.0
1391,battery,2030,58,23,23,0.0
1392,battery,2030,58,24,24,0.0
1393,battery,2030,59,1,1,0.0
1394,battery,2030,59,2,2,0.0
1395,battery,2030,59,3,3,0.0
1396,battery,2030,59,4,4,0.0
1397,battery,2030,59,5,5,0.0
1398,battery,2030,59,6,6,0.0
1399,battery,2030,59,7,7,0.0
1400,battery,2030,59,8,8,0.0
1401,battery,2030,59,9,9,0.0
1402,battery,2030,59,10,10,0.0
1403,battery,2030,59,11,11,0.0
1404,battery,2030,59,12,12,0.0
1405,battery,2030,59,13,13,0.0
1406,battery,2030,59,14,14,0.0
1407,battery,2030,59,15,15,0.0
1408,battery,2030,59,16,16,0.0
1409,battery,2030,59,17,17,-0.24241584850947936
1410,battery,2030,59,18,18,0.0
1411,battery,2030,59,19,19,0.0
1412,battery,2030,59,20,20,0.0
1413,battery,2030,59,21,21,0.0
1414,battery,2030,59,22,22,0.0
1415,battery,2030,59,23,23,0.0
1416,battery,2030,59,24,24,0.0
1417,battery,2030,60,1,1,0.0
1418,battery,2030,60,2,2,0.0
1419,battery,2030,60,3,3,0.0
1420,battery,2030,60,4,4,0.0
1421,battery,2030,60,5,5,0.0
1422,battery,2030,60,6,6,0.0
1423,battery,2030,60,7,7,0.0
1424,battery,2030,60,8,8,0.0
1425,battery,2030,60,9,9,0.0
1426,battery,2030,60,10,10,0.0
1427,battery,2030,60,11,11,0.0
1428,battery,2030,60,12,12,0.0
1429,battery,2030,60,13,13,0.0
1430,battery,2030,60,14,14,0.0
1431,battery,2030,60,15,15,0.0
1432,battery,2030,60,16,16,0.0
1433,battery,2030,60,17,17,0.0
1434,battery,2030,60,18,18,0.0
1435,battery,2030,60,19,19,0.0
1436,battery,2030,60,20,20,0.0
1437,battery,2030,60,21,21,0.0
1438,battery,2030,60,22,22,0.0
1439,battery,2030,60,23,23,0.0
1440,battery,2030,60,24,24,0.0
1441,battery,2030,61,1,1,0.0
1442,battery,2030,61,2,2,0.0
1443,battery,2030,61,3,3,0.0
1444,battery,2030,61,4,4,0.0
1445,battery,2030,61,5,5,0.0
1446,battery,2030,61,6,6,-0.17607446660898426
1447,battery,2030,61,7,7,-0.17607446660898426
1448,battery,2030,61,8,8,0.0
1449,battery,2030,61,9,9,0.0
1450,battery,2030,61,10,10,0.0
1451,battery,2030,61,11,11,0.0
1452,battery,2030,61,12,12,0.0
1453,battery,2030,61,13,13,0.0
1454,battery,2030,61,14,14,0.0
1455,battery,2030,61,15,15,0.0
1456,battery,2030,61,16,16,0.0
1457,battery,2030,61,17,17,0.0
1458,battery,2030,61,18,18,-0.44495003373143305
1459,battery,2030,61,19,19,0.0
1460,battery,2030,61,20,20,0.0
1461,battery,2030,61,21,21,0.0
1462,battery,2030,61,22,22,0.0
1463,battery,2030,61,23,23,0.0
1464,battery,2030,61,24,24,0.0
1465,battery,2030,62,1,1,0.0
1466,battery,2030,62,2,2,0.0
1467,battery,2030,62,3,3,0.0
1468,battery,2030,62,4,4,0.0
1469,battery,2030,62,5,5,0.0
1470,battery,2030,62,6,6,0.0
1471,battery,2030,62,7,7,0.0
1472,battery,2030,62,8,8,0.0
1473,battery,2030,62,9,9,0.0
1474,battery,2030,62,10,10,0.0
1475,battery,2030,62,11,11,0.0
1476,battery,2030,62,12,12,0.0
1477,battery,2030,62,13,13,0.0
1478,battery,2030,62,14,14,0.0
1479,battery,2030,62,15,15,0.0
1480,battery,2030,62,16,16,0.0
1481,battery,2030,62,17,17,0.0
1482,battery,2030,62,18,18,0.0
1483,battery,2030,62,19,19,0.0
1484,battery,2030,62,20,20,0.0
1485,battery,2030,62,21,21,0.0
1486,battery,2030,62,22,22,0.0
1487,battery,2030,62,23,23,0.0
1488,battery,2030,62,24,24,0.0
1489,battery,2030,63,1,1,0.0
1490,battery,2030,63,2,2,0.0
1491,battery,2030,63,3,3,0.0
1492,battery,2030,63,4,4,0.0
1493,battery,2030,63,5,5,0.0
1494,battery,2030,63,6,6,0.0
1495,battery,2030,63,7,7,0.0
1496,battery,2030,63,8,8,0.0
1497,battery,2030,63,9,9,0.0
1498,battery,2030,63,10,10,0.0
1499,battery,2030,63,11,11,0.0
1500,battery,2030,63,12,12,0.0
1501,battery,2030,63,13,13,0.0
1502,battery,2030,63,14,14,0.0
1503,battery,2030,63,15,15,0.0
1504,battery,2030,63,16,16,0.0
1505,battery,2030,63,17,17,0.0
1506,battery,2030,63,18,18,0.0
1507,battery,2030,63,19,19,0.0
1508,battery,2030,63,20,20,0.0
1509,battery,2030,63,21,21,0.0
1510,battery,2030,63,22,22,0.0
1511,battery,2030,63,23,23,0.0
1512,battery,2030,63,24,24,0.0
1513,battery,2030,64,1,1,0.0
1514,battery,2030,64,2,2,0.0
1515,battery,2030,64,3,3,0.0
1516,battery,2030,64,4,4,0.0
1517,battery,2030,64,5,5,0.0
1518,battery,2030,64,6,6,0.0
1519,battery,2030,64,7,7,0.0
1520,battery,2030,64,8,8,0.0
1521,battery,2030,64,9,9,0.0
1522,battery,2030,64,10,10,0.0
1523,battery,2030,64,11,11,0.0
1524,battery,2030,64,12,12,0.0
1525,battery,2030,64,13,13,0.0
1526,battery,2030,64,14,14,0.0
1527,battery,2030,64,15,15,0.0
1528,battery,2030,64,16,16,0.0
1529,battery,2030,64,17,17,0.0
1530,battery,2030,64,18,18,0.0
1531,battery,2030,64,19,19,0.0
1532,battery,2030,64,20,20,0.0
1533,battery,2030,64,21,21,0.0
1534,battery,2030,64,22,22,0.0
1535,battery,2030,64,23,23,0.0
1536,battery,2030,64,24,24,0.0
1537,battery,2030,65,1,1,0.0
1538,battery,2030,65,2,2,0.0
1539,battery,2030,65,3,3,0.0
1540,battery,2030,65,4,4,0.0
1541,battery,2030,65,5,5,0.0
1542,battery,2030,65,6,6,0.0
1543,battery,2030,65,7,7,0.0
1544,battery,2030,65,8,8,0.0
1545,battery,2030,65,9,9,0.0
1546,battery,2030,65,10,10,0.0
1547,battery,2030,65,11,11,0.0
1548,battery,2030,65,12,12,0.0
1549,battery,2030,65,13,13,0.0
1550,battery,2030,65,14,14,0.0
1551,battery,2030,65,15,15,0.0
1552,battery,2030,65,16,16,0.0
1553,battery,2030,65,17,17,0.0
1554,battery,2030,65,18,18,0.0
1555,battery,2030,65,19,19,0.0
1556,battery,2030,65,20,20,0.0
1557,battery,2030,65,21,21,0.0
1558,battery,2030,65,22,22,0.0
1559,battery,2030,65,23,23,0.0
1560,battery,2030,65,24,24,0.0
1561,battery,2030,66,1,1,0.0
1562,battery,2030,66,2,2,0.0
1563,battery,2030,66,3,3,0.0
1564,battery,2030,66,4,4,0.0
1565,battery,2030,66,5,5,0.0
1566,battery,2030,66,6,6,0.0
1567,battery,2030,66,7,7,0.0
1568,battery,2030,66,8,8,0.0
1569,battery,2030,66,9,9,0.0
1570,battery,2030,66,10,10,0.0
1571,battery,2030,66,11,11,0.0
1572,battery,2030,66,12,12,0.0
1573,battery,2030,66,13,13,0.0
1574,battery,2030,66,14,14,0.0
1575,battery,2030,66,15,15,0.0
1576,battery,2030,66,16,16,0.0
1577,battery,2030,66,17,17,0.0
1578,battery,2030,66,18,18,0.0
1579,battery,2030,66,19,19,0.0
1580,battery,2030,66,20,20,0.0
1581,battery,2030,66,21,21,0.0
1582,battery,2030,66,22,22,0.0
1583,battery,2030,66,23,23,0.0
1584,battery,2030,66,24,24,0.0
1585,battery,2030,67,1,1,0.0
1586,battery,2030,67,2,2,1.3568401669026972e-18
1587,battery,2030,67,3,3,0.0
1588,battery,2030,67,4,4,-0.2657888491917429
1589,battery,2030,67,5,5,-0.2657888491917429
1590,battery,2030,67,6,6,0.0
1591,battery,2030,67,7,7,0.0
1592,battery,2030,67,8,8,0.0
1593,battery,2030,67,9,9,0.0
1594,battery,2030,67,10,10,0.0
1595,battery,2030,67,11,11,0.0
1596,battery,2030,67,12,12,0.0
1597,battery,2030,67,13,13,0.0
1598,battery,2030,67,14,14,0.0
1599,battery,2030,67,15,15,0.0
1600,battery,2030,67,16,16,0.0
1601,battery,2030,67,17,17,0.0
1602,battery,2030,67,18,18,0.0
1603,battery,2030,67,19,19,0.0
1604,battery,2030,67,20,20,0.0
1605,battery,2030,67,21,21,0.0
1606,battery,2030,67,22,22,0.0
1607,battery,2030,67,23,23,0.0
1608,battery,2030,67,24,24,0.0
1609,battery,2030,68,1,1,0.0
1610,battery,2030,68,2,2,0.0
1611,battery,2030,68,3,3,0.0
1612,battery,2030,68,4,4,0.0
1613,battery,2030,68,5,5,0.0
1614,battery,2030,68,6,6,0.0
1615,battery,2030,68,7,7,0.0
1616,battery,2030,68,8,8,0.0
1617,battery,2030,68,9,9,0.0
1618,battery,2030,68,10,10,0.0
1619,battery,2030,68,11,11,0.0
1620,battery,2030,68,12,12,0.0
1621,battery,2030,68,13,13,0.0
1622,battery,2030,68,14,14,0.0
1623,battery,2030,68,15,15,0.0
1624,battery,2030,68,16,16,0.0
1625,battery,2030,68,17,17,0.0
1626,battery,2030,68,18,18,0.0
1627,battery,2030,68,19,19,0.0
1628,battery,2030,68,20,20,0.0
1629,battery,2030,68,21,21,0.0
1630,battery,2030,68,22,22,0.0
1631,battery,2030,68,23,23,0.0
1632,battery,2030,68,24,24,0.0
1633,battery,2030,69,1,1,0.0
1634,battery,2030,69,2,2,0.0
1635,battery,2030,69,3,3,0.0
1636,battery,2030,69,4,4,0.0
1637,battery,2030,69,5,5,0.0
1638,battery,2030,69,6,6,0.0
1639,battery,2030,69,7,7,0.0
1640,battery,2030,69,8,8,0.0
1641,battery,2030,69,9,9,0.0
1642,battery,2030,69,10,10,0.0
1643,battery,2030,69,11,11,0.0
1644,battery,2030,69,12,12,0.0
1645,battery,2030,69,13,13,0.0
1646,battery,2030,69,14,14,0.0
1647,battery,2030,69,15,15,0.0
1648,battery,2030,69,16,16,0.0
1649,battery,2030,69,17,17,0.0
1650,battery,2030,69,18,18,0.0
1651,battery,2030,69,19,19,0.0
1652,battery,2030,69,20,20,0.0
1653,battery,2030,69,21,21,0.0
1654,battery,2030,69,22,22,0.0
1655,battery,2030,69,23,23,0.0
1656,battery,2030,69,24,24,0.0
1657,battery,2030,70,1,1,0.0
1658,battery,2030,70,2,2,0.0
1659,battery,2030,70,3,3,0.0
1660,battery,2030,70,4,4,0.0
1661,battery,2030,70,5,5,0.0
1662,battery,2030,70,6,6,0.0
1663,battery,2030,70,7,7,0.0
1664,battery,2030,70,8,8,0.0
1665,battery,2030,70,9,9,0.0
1666,battery,2030,70,10,10,0.0
1667,battery,2030,70,11,11,0.0
1668,battery,2030,70,12,12,0.0
1669,battery,2030,70,13,13,0.0
1670,battery,2030,70,14,14,0.0
1671,battery,2030,70,15,15,0.0
1672,battery,2030,70,16,16,0.0
1673,battery,2030,70,17,17,0.0
1674,battery,2030,70,18,18,0.0
1675,battery,2030,70,19,19,0.0
1676,battery,2030,70,20,20,0.0
1677,battery,2030,70,21,21,0.0
1678,battery,2030,70,22,22,0.0
1679,battery,2030,70,23,23,0.0
1680,battery,2030,70,24,24,0.0
1681,battery,2030,71,1,1,0.0
1682,battery,2030,71,2,2,0.0
1683,battery,2030,71,3,3,0.0
1684,battery,2030,71,4,4,0.0
1685,battery,2030,71,5,5,0.0
1686,battery,2030,71,6,6,0.0
1687,battery,2030,71,7,7,0.0
1688,battery,2030,71,8,8,0.0
1689,battery,2030,71,9,9,0.0
1690,battery,2030,71,10,10,0.0
1691,battery,2030,71,11,11,0.0
1692,battery,2030,71,12,12,0.0
1693,battery,2030,71,13,13,0.0
1694,battery,2030,71,14,14,0.0
1695,battery,2030,71,15,15,0.0
1696,battery,2030,71,16,16,0.0
1697,battery,2030,71,17,17,0.0
1698,battery,2030,71,18,18,0.0
1699,battery,2030,71,19,19,0.0
1700,battery,2030,71,20,20,0.0
1701,battery,2030,71,21,21,0.0
1702,battery,2030,71,22,22,0.0
1703,battery,2030,71,23,23,0.0
1704,battery,2030,71,24,24,0.0
1705,battery,2030,72,1,1,0.0
1706,battery,2030,72,2,2,2.861754169280237e-18
1707,battery,2030,72,3,3,0.0
1708,battery,2030,72,4,4,0.0
1709,battery,2030,72,5,5,0.0
1710,battery,2030,72,6,6,-0.35982802020544785
1711,battery,2030,72,7,7,-0.35982802020544785
1712,battery,2030,72,8,8,0.0
1713,battery,2030,72,9,9,0.0
1714,battery,2030,72,10,10,0.0
1715,battery,2030,72,11,11,0.0
1716,battery,2030,72,12,12,0.0
1717,battery,2030,72,13,13,0.0
1718,battery,2030,72,14,14,0.0
1719,battery,2030,72,15,15,0.0
1720,battery,2030,72,16,16,0.0
1721,battery,2030,72,17,17,0.0
1722,battery,2030,72,18,18,0.0
1723,battery,2030,72,19,19,0.0
1724,battery,2030,72,20,20,0.0
1725,battery,2030,72,21,21,0.0
1726,battery,2030,72,22,22,0.0
1727,battery,2030,72,23,23,0.0
1728,battery,2030,72,24,24,0.0
1729,h2_storage,2030,1,1,1,0.0
1730,h2_storage,2030,1,2,2,0.0
1731,h2_storage,2030,1,3,3,0.0
1732,h2_storage,2030,1,4,4,0.0
1733,h2_storage,2030,1,5,5,0.0
1734,h2_storage,2030,1,6,6,0.0
1735,h2_storage,2030,1,7,7,0.0
1736,h2_storage,2030,1,8,8,0.0
1737,h2_storage,2030,1,9,9,0.0
1738,h2_storage,2030,1,10,10,0.0
1739,h2_storage,2030,1,11,11,0.0
1740,h2_storage,2030,1,12,12,0.0
1741,h2_storage,2030,1,13,13,0.0
1742,h2_storage,2030,1,14,14,0.0
1743,h2_storage,2030,1,15,15,0.0
1744,h2_storage,2030,1,16,16,0.0
1745,h2_storage,2030,1,17,17,0.0
1746,h2_storage,2030,1,18,18,0.0
1747,h2_storage,2030,1,19,19,0.0
1748,h2_storage,2030,1,20,20,0.0
1749,h2_storage,2030,1,21,21,0.0
1750,h2_storage,2030,1,22,22,0.0
1751,h2_storage,2030,1,23,23,0.0
1752,h2_storage,2030,1,24,24,0.0
1753,h2_storage,2030,2,1,1,0.0
1754,h2_storage,2030,2,2,2,0.0
1755,h2_storage,2030,2,3,3,0.0
1756,h2_storage,2030,2,4,4,0.0
1757,h2_storage,2030,2,5,5,0.0
1758,h2_storage,2030,2,6,6,0.0
1759,h2_storage,2030,2,7,7,0.0
1760,h2_storage,2030,2,8,8,0.0
1761,h2_storage,2030,2,9,9,0.0
1762,h2_storage,2030,2,10,10,0.0
1763,h2_storage,2030,2,11,11,0.0
1764,h2_storage,2030,2,12,12,0.0
1765,h2_storage,2030,2,13,13,0.0
1766,h2_storage,2030,2,14,14,0.0
1767,h2_storage,2030,2,15,15,0.0
1768,h2_storage,2030,2,16,16,0.0
1769,h2_storage,2030,2,17,17,0.0
1770,h2_storage,2030,2,18,18,0.0
1771,h2_storage,2030,2,19,19,0.0
1772,h2_storage,2030,2,20,20,0.0
1773,h2_storage,2030,2,21,21,0.0
1774,h2_storage,2030,2,22,22,0.0
1775,h2_storage,2030,2,23,23,0.0
1776,h2_storage,2030,2,24,24,0.0
1777,h2_storage,2030,3,1,1,0.0
1778,h2_storage,2030,3,2,2,0.0
1779,h2_storage,2030,3,3,3,0.0
1780,h2_storage,2030,3,4,4,0.0
1781,h2_storage,2030,3,5,5,0.0
1782,h2_storage,2030,3,6,6,0.0
1783,h2_storage,2030,3,7,7,0.0
1784,h2_storage,2030,3,8,8,0.0
1785,h2_storage,2030,3,9,9,0.0
1786,h2_storage,2030,3,10,10,0.0
1787,h2_storage,2030,3,11,11,0.0
1788,h2_storage,2030,3,12,12,0.0
1789,h2_storage,2030,3,13,13,0.0
1790,h2_storage,2030,3,14,14,0.0
1791,h2_storage,2030,3,15,15,0.0
1792,h2_storage,2030,3,16,16,0.0
1793,h2_storage,2030,3,17,17,0.0
1794,h2_storage,2030,3,18,18,0.0
1795,h2_storage,2030,3,19,19,0.0
1796,h2_storage,2030,3,20,20,0.0
1797,h2_storage,2030,3,21,21,0.0
1798,h2_storage,2030,3,22,22,0.0
1799,h2_storage,2030,3,23,23,0.0
1800,h2_storage,2030,3,24,24,0.0
1801,h2_storage,2030,4,1,1,0.0
1802,h2_storage,2030,4,2,2,0.0
1803,h2_storage,2030,4,3,3,0.0
1804,h2_storage,2030,4,4,4,0.0
1805,h2_storage,2030,4,5,5,0.0
1806,h2_storage,2030,4,6,6,0.0
1807,h2_storage,2030,4,7,7,0.0
1808,h2_storage,2030,4,8,8,0.0
1809,h2_storage,2030,4,9,9,0.0
1810,h2_storage,2030,4,10,10,0.0
1811,h2_storage,2030,4,11,11,0.0
1812,h2_storage,2030,4,12,12,0.0
1813,h2_storage,2030,4,13,13,0.0
1814,h2_storage,2030,4,14,14,0.0
1815,h2_storage,2030,4,15,15,0.0
1816,h2_storage,2030,4,16,16,0.0
1817,h2_storage,2030,4,17,17,0.0
1818,h2_storage,2030,4,18,18,0.0
1819,h2_storage,2030,4,19,19,0.0
1820,h2_storage,2030,4,20,20,0.0
1821,h2_storage,2030,4,21,21,0.0
1822,h2_storage,2030,4,22,22,0.0
1823,h2_storage,2030,4,23,23,0.0
1824,h2_storage,2030,4,24,24,0.0
1825,h2_storage,2030,5,1,1,0.0
1826,h2_storage,2030,5,2,2,0.0
1827,h2_storage,2030,5,3,3,0.0
1828,h2_storage,2030,5,4,4,0.0
1829,h2_storage,2030,5,5,5,0.0
1830,h2_storage,2030,5,6,6,0.0
1831,h2_storage,2030,5,7,7,0.0
1832,h2_storage,2030,5,8,8,0.0
1833,h2_storage,2030,5,9,9,0.0
1834,h2_storage,2030,5,10,10,0.0
1835,h2_storage,2030,5,11,11,0.0
1836,h2_storage,2030,5,12,12,0.0
1837,h2_storage,2030,5,13,13,0.0
1838,h2_storage,2030,5,14,14,0.0
1839,h2_storage,2030,5,15,15,0.0
1840,h2_storage,2030,5,16,16,0.0
1841,h2_storage,2030,5,17,17,0.0
1842,h2_storage,2030,5,18,18,0.0
1843,h2_storage,2030,5,19,19,0.0
1844,h2_storage,2030,5,20,20,0.0
1845,h2_storage,2030,5,21,21,0.0
1846,h2_storage,2030,5,22,22,0.0
1847,h2_storage,2030,5,23,23,0.0
1848,h2_storage,2030,5,24,24,0.0
1849,h2_storage,2030,6,1,1,0.0
1850,h2_storage,2030,6,2,2,0.0
1851,h2_storage,2030,6,3,3,0.0
1852,h2_storage,2030,6,4,4,0.0
1853,h2_storage,2030,6,5,5,0.0
1854,h2_storage,2030,6,6,6,0.0
1855,h2_storage,2030,6,7,7,0.0
1856,h2_storage,2030,6,8,8,0.0
1857,h2_storage,2030,6,9,9,0.0
1858,h2_storage,2030,6,10,10,0.0
1859,h2_storage,2030,6,11,11,0.0
1860,h2_storage,2030,6,12,12,0.0
1861,h2_storage,2030,6,13,13,0.0
1862,h2_storage,2030,6,14,14,0.0
1863,h2_storage,2030,6,15,15,0.0
1864,h2_storage,2030,6,16,16,0.0
1865,h2_storage,2030,6,17,17,0.0
1866,h2_storage,2030,6,18,18,0.0
1867,h2_storage,2030,6,19,19,0.0
1868,h2_storage,2030,6,20,20,0.0
1869,h2_storage,2030,6,21,21,0.0
1870,h2_storage,2030,6,22,22,0.0
1871,h2_storage,2030,6,23,23,0.0
1872,h2_storage,2030,6,24,24,0.0
1873,h2_storage,2030,7,1,1,0.0
1874,h2_storage,2030,7,2,2,0.0
1875,h2_storage,2030,7,3,3,0.0
1876,h2_storage,2030,7,4,4,0.0
1877,h2_storage,2030,7,5,5,0.0
1878,h2_storage,2030,7,6,6,0.0
1879,h2_storage,2030,7,7,7,0.0
1880,h2_storage,2030,7,8,8,0.0
1881,h2_storage,2030,7,9,9,0.0
1882,h2_storage,2030,7,10,10,0.0
1883,h2_storage,2030,7,11,11,0.0
1884,h2_storage,2030,7,12,12,0.0
1885,h2_storage,2030,7,13,13,0.0
1886,h2_storage,2030,7,14,14,0.0
1887,h2_storage,2030,7,15,15,0.0
1888,h2_storage,2030,7,16,16,0.0
1889,h2_storage,2030,7,17,17,0.0
1890,h2_storage,2030,7,18,18,0.0
1891,h2_storage,2030,7,19,19,0.0
1892,h2_storage,2030,7,20,20,0.0
1893,h2_storage,2030,7,21,21,0.0
1894,h2_storage,2030,7,22,22,0.0
1895,h2_storage,2030,7,23,23,0.0
1896,h2_storage,2030,7,24,24,0.0
1897,h2_storage,2030,8,1,1,0.0
1898,h2_storage,2030,8,2,2,0.0
1899,h2_storage,2030,8,3,3,0.0
1900,h2_storage,2030,8,4,4,0.0
1901,h2_storage,2030,8,5,5,0.0
1902,h2_storage,2030,8,6,6,0.0
1903,h2_storage,2030,8,7,7,0.0
1904,h2_storage,2030,8,8,8,0.0
1905,h2_storage,2030,8,9,9,0.0
1906,h2_storage,2030,8,10,10,0.0
1907,h2_storage,2030,8,11,11,0.0
1908,h2_storage,2030,8,12,12,0.0
1909,h2_storage,2030,8,13,13,0.0
1910,h2_storage,2030,8,14,14,0.0
1911,h2_storage,2030,8,15,15,0.0
1912,h2_storage,2030,8,16,16,0.0
1913,h2_storage,2030,8,17,17,0.0
1914,h2_storage,2030,8,18,18,0.0
1915,h2_storage,2030,8,19,19,0.0
1916,h2_storage,2030,8,20,20,0.0
1917,h2_storage,2030,8,21,21,0.0
1918,h2_storage,2030,8,22,22,0.0
1919,h2_storage,2030,8,23,23,0.0
1920,h2_storage,2030,8,24,24,0.0
1921,h2_storage,2030,9,1,1,0.0
1922,h2_storage,2030,9,2,2,0.0
1923,h2_storage,2030,9,3,3,0.0
1924,h2_storage,2030,9,4,4,0.0
1925,h2_storage,2030,9,5,5,0.0
1926,h2_storage,2030,9,6,6,0.0
1927,h2_storage,2030,9,7,7,0.0
1928,h2_storage,2030,9,8,8,0.0
1929,h2_storage,2030,9,9,9,0.0
1930,h2_storage,2030,9,10,10,0.0
1931,h2_storage,2030,9,11,11,0.0
1932,h2_storage,2030,9,12,12,0.0
1933,h2_storage,2030,9,13,13,0.0
1934,h2_storage,2030,9,14,14,0.0
1935,h2_storage,2030,9,15,15,0.0
1936,h2_storage,2030,9,16,16,0.0
1937,h2_storage,2030,9,17,17,0.0
1938,h2_storage,2030,9,18,18,0.0
1939,h2_storage,2030,9,19,19,0.0
1940,h2_storage,2030,9,20,20,0.0
1941,h2_storage,2030,9,21,21,0.0
1942,h2_storage,2030,9,22,22,0.0
1943,h2_storage,2030,9,23,23,0.0
1944,h2_storage,2030,9,24,24,0.0
1945,h2_storage,2030,10,1,1,0.0
1946,h2_storage,2030,10,2,2,0.0
1947,h2_storage,2030,10,3,3,0.0
1948,h2_storage,2030,10,4,4,0.0
1949,h2_storage,2030,10,5,5,0.0
1950,h2_storage,2030,10,6,6,0.0
1951,h2_storage,2030,10,7,7,0.0
1952,h2_storage,2030,10,8,8,0.0
1953,h2_storage,2030,10,9,9,0.0
1954,h2_storage,2030,10,10,10,0.0
1955,h2_storage,2030,10,11,11,0.0
1956,h2_storage,2030,10,12,12,0.0
1957,h2_storage,2030,10,13,13,0.0
1958,h2_storage,2030,10,14,14,0.0
1959,h2_storage,2030,10,15,15,0.0
1960,h2_storage,2030,10,16,16,0.0
1961,h2_storage,2030,10,17,17,0.0
1962,h2_storage,2030,10,18,18,0.0
1963,h2_storage,2030,10,19,19,0.0
1964,h2_storage,2030,10,20,20,0.0
1965,h2_storage,2030,10,21,21,0.0
1966,h2_storage,2030,10,22,22,0.0
1967,h2_storage,2030,10,23,23,0.0
1968,h2_storage,2030,10,24,24,0.0
1969,h2_storage,2030,11,1,1,0.0
1970,h2_storage,2030,11,2,2,0.0
1971,h2_storage,2030,11,3,3,0.0
1972,h2_storage,2030,11,4,4,0.0
1973,h2_storage,2030,11,5,5,0.0
1974,h2_storage,2030,11,6,6,0.0
1975,h2_storage,2030,11,7,7,0.0
1976,h2_storage,2030,11,8,8,0.0
1977,h2_storage,2030,11,9,9,0.0
1978,h2_storage,2030,11,10,10,0.0
1979,h2_storage,2030,11,11,11,0.0
1980,h2_storage,2030,11,12,12,0.0
1981,h2_storage,2030,11,13,13,0.0
1982,h2_storage,2030,11,14,14,0.0
1983,h2_storage,2030,11,15,15,0.0
1984,h2_storage,2030,11,16,16,0.0
1985,h2_storage,2030,11,17,17,0.0
1986,h2_storage,2030,11,18,18,0.0
1987,h2_storage,2030,11,19,19,0.0
1988,h2_storage,2030,11,20,20,0.0
1989,h2_storage,2030,11,21,21,0.0
1990,h2_storage,2030,11,22,22,0.0
1991,h2_storage,2030,11,23,23,0.0
1992,h2_storage,2030,11,24,24,0.0
1993,h2_storage,2030,12,1,1,0.0
1994,h2_storage,2030,12,2,2,0.0
1995,h2_storage,2030,12,3,3,0.0
1996,h2_storage,2030,12,4,4,0.0
1997,h2_storage,2030,12,5,5,0.0
1998,h2_storage,2030,12,6,6,0.0
1999,h2_storage,2030,12,7,7,0.0
2000,h2_storage,2030,12,8,8,0.0
2001,h2_storage,2030,12,9,9,0.0
2002,h2_storage,2030,12,10,10,0.0
2003,h2_storage,2030,12,11,11,0.0
2004,h2_storage,2030,12,12,12,0.0
2005,h2_storage,2030,12,13,13,0.0
2006,h2_storage,2030,12,14,14,0.0
2007,h2_storage,2030,12,15,15,0.0
2008,h2_storage,2030,12,16,16,0.0
2009,h2_storage,2030,12,17,17,0.0
2010,h2_storage,2030,12,18,18,0.0
2011,h2_storage,2030,12,19,19,0.0
2012,h2_storage,2030,12,20,20,0.0
2013,h2_storage,2030,12,21,21,0.0
2014,h2_storage,2030,12,22,22,0.0
2015,h2_storage,2030,12,23,23,0.0
2016,h2_storage,2030,12,24,24,0.0
2017,h2_storage,2030,13,1,1,0.0
2018,h2_storage,2030,13,2,2,0.0
2019,h2_storage,2030,13,3,3,0.0
2020,h2_storage,2030,13,4,4,0.0
2021,h2_storage,2030,13,5,5,0.0
2022,h2_storage,2030,13,6,6,0.0
2023,h2_storage,2030,13,7,7,0.0
2024,h2_storage,2030,13,8,8,0.0
2025,h2_storage,2030,13,9,9,0.0
2026,h2_storage,2030,13,10,10,0.0
2027,h2_storage,2030,13,11,11,0.0
2028,h2_storage,2030,13,12,12,0.0
2029,h2_storage,2030,13,13,13,0.0
2030,h2_storage,2030,13,14,14,0.0
2031,h2_storage,2030,13,15,15,0.0
2032,h2_storage,2030,13,16,16,0.0
2033,h2_storage,2030,13,17,17,0.0
2034,h2_storage,2030,13,18,18,0.0
2035,h2_storage,2030,13,19,19,0.0
2036,h2_storage,2030,13,20,20,0.0
2037,h2_storage,2030,13,21,21,0.0
2038,h2_storage,2030,13,22,22,0.0
2039,h2_storage,2030,13,23,23,0.0
2040,h2_storage,2030,13,24,24,0.0
2041,h2_storage,2030,14,1,1,0.0
2042,h2_storage,2030,14,2,2,0.0
2043,h2_storage,2030,14,3,3,0.0
2044,h2_storage,2030,14,4,4,0.0
2045,h2_storage,2030,14,5,5,0.0
2046,h2_storage,2030,14,6,6,0.0
2047,h2_storage,2030,14,7,7,0.0
2048,h2_storage,2030,14,8,8,0.0
2049,h2_storage,2030,14,9,9,0.0
2050,h2_storage,2030,14,10,10,0.0
2051,h2_storage,2030,14,11,11,0.0
2052,h2_storage,2030,14,12,12,0.0
2053,h2_storage,2030,14,13,13,0.0
2054,h2_storage,2030,14,14,14,0.0
2055,h2_storage,2030,14,15,15,0.0
2056,h2_storage,2030,14,16,16,0.0
2057,h2_storage,2030,14,17,17,0.0
2058,h2_storage,2030,14,18,18,0.0
2059,h2_storage,2030,14,19,19,0.0
2060,h2_storage,2030,14,20,20,0.0
2061,h2_storage,2030,14,21,21,0.0
2062,h2_storage,2030,14,22,22,0.0
2063,h2_storage,2030,14,23,23,0.0
2064,h2_storage,2030,14,24,24,0.0
2065,h2_storage,2030,15,1,1,0.0
2066,h2_storage,2030,15,2,2,0.0
2067,h2_storage,2030,15,3,3,0.0
2068,h2_storage,2030,15,4,4,0.0
2069,h2_storage,2030,15,5,5,0.0
2070,h2_storage,2030,15,6,6,0.0
2071,h2_storage,2030,15,7,7,0.0
2072,h2_storage,2030,15,8,8,0.0
2073,h2_storage,2030,15,9,9,0.0
2074,h2_storage,2030,15,10,10,0.0
2075,h2_storage,2030,15,11,11,0.0
2076,h2_storage,2030,15,12,12,0.0
2077,h2_storage,2030,15,13,13,0.0
2078,h2_storage,2030,15,14,14,0.0
2079,h2_storage,2030,15,15,15,0.0
2080,h2_storage,2030,15,16,16,0.0
2081,h2_storage,2030,15,17,17,0.0
2082,h2_storage,2030,15,18,18,0.0
2083,h2_storage,2030,15,19,19,0.0
2084,h2_storage,2030,15,20,20,0.0
2085,h2_storage,2030,15,21,21,0.0
2086,h2_storage,2030,15,22,22,0.0
2087,h2_storage,2030,15,23,23,0.0
2088,h2_storage,2030,15,24,24,0.0
2089,h2_storage,2030,16,1,1,0.0
2090,h2_storage,2030,16,2,2,0.0
2091,h2_storage,2030,16,3,3,0.0
2092,h2_storage,2030,16,4,4,0.0
2093,h2_storage,2030,16,5,5,0.0
2094,h2_storage,2030,16,6,6,0.0
2095,h2_storage,2030,16,7,7,0.0
2096,h2_storage,2030,16,8,8,0.0
2097,h2_storage,2030,16,9,9,0.0
2098,h2_storage,2030,16,10,10,0.0
2099,h2_storage,2030,16,11,11,0.0
2100,h2_storage,2030,16,12,12,0.0
2101,h2_storage,2030,16,13,13,0.0
2102,h2_storage,2030,16,14,14,0.0
2103,h2_storage,2030,16,15,15,0.0
2104,h2_storage,2030,16,16,16,0.0
2105,h2_storage,2030,16,17,17,0.0
2106,h2_storage,2030,16,18,18,0.0
2107,h2_storage,2030,16,19,19,0.0
2108,h2_storage,2030,16,20,20,0.0
2109,h2_storage,2030,16,21,21,0.0
2110,h2_storage,2030,16,22,22,0.0
2111,h2_storage,2030,16,23,23,0.0
2112,h2_storage,2030,16,24,24,0.0
2113,h2_storage,2030,17,1,1,0.0
2114,h2_storage,2030,17,2,2,0.0
2115,h2_storage,2030,17,3,3,0.0
2116,h2_storage,2030,17,4,4,0.0
2117,h2_storage,2030,17,5,5,0.0
2118,h2_storage,2030,17,6,6,0.0
2119,h2_storage,2030,17,7,7,0.0
2120,h2_storage,2030,17,8,8,0.0
2121,h2_storage,2030,17,9,9,0.0
2122,h2_storage,2030,17,10,10,0.0
2123,h2_storage,2030,17,11,11,0.0
2124,h2_storage,2030,17,12,12,0.0
2125,h2_storage,2030,17,13,13,0.0
2126,h2_storage,2030,17,14,14,0.0
2127,h2_storage,2030,17,15,15,0.0
2128,h2_storage,2030,17,16,16,0.0
2129,h2_storage,2030,17,17,17,0.0
2130,h2_storage,2030,17,18,18,0.0
2131,h2_storage,2030,17,19,19,0.0
2132,h2_storage,2030,17,20,20,0.0
2133,h2_storage,2030,17,21,21,0.0
2134,h2_storage,2030,17,22,22,0.0
2135,h2_storage,2030,17,23,23,0.0
2136,h2_storage,2030,17,24,24,0.0
2137,h2_storage,2030,18,1,1,0.0
2138,h2_storage,2030,18,2,2,0.0
2139,h2_storage,2030,18,3,3,0.0
2140,h2_storage,2030,18,4,4,0.0
2141,h2_storage,2030,18,5,5,0.0
2142,h2_storage,2030,18,6,6,0.0
2143,h2_storage,2030,18,7,7,0.0
2144,h2_storage,2030,18,8,8,0.0
2145,h2_storage,2030,18,9,9,0.0
2146,h2_storage,2030,18,10,10,0.0
2147,h2_storage,2030,18,11,11,0.0
2148,h2_storage,2030,18,12,12,0.0
2149,h2_storage,2030,18,13,13,0.0
2150,h2_storage,2030,18,14,14,0.0
2151,h2_storage,2030,18,15,15,0.0
2152,h2_storage,2030,18,16,16,0.0
2153,h2_storage,2030,18,17,17,0.0
2154,h2_storage,2030,18,18,18,0.0
2155,h2_storage,2030,18,19,19,0.0
2156,h2_storage,2030,18,20,20,0.0
2157,h2_storage,2030,18,21,21,0.0
2158,h2_storage,2030,18,22,22,0.0
2159,h2_storage,2030,18,23,23,0.0
2160,h2_storage,2030,18,24,24,0.0
2161,h2_storage,2030,19,1,1,0.0
2162,h2_storage,2030,19,2,2,0.0
2163,h2_storage,2030,19,3,3,0.0
2164,h2_storage,2030,19,4,4,0.0
2165,h2_storage,2030,19,5,5,0.0
2166,h2_storage,2030,19,6,6,0.0
2167,h2_storage,2030,19,7,7,0.0
2168,h2_storage,2030,19,8,8,0.0
2169,h2_storage,2030,19,9,9,0.0
2170,h2_storage,2030,19,10,10,0.0
2171,h2_storage,2030,19,11,11,0.0
2172,h2_storage,2030,19,12,12,0.0
2173,h2_storage,2030,19,13,13,0.0
2174,h2_storage,2030,19,14,14,0.0
2175,h2_storage,2030,19,15,15,0.0
2176,h2_storage,2030,19,16,16,0.0
2177,h2_storage,2030,19,17,17,0.0
2178,h2_storage,2030,19,18,18,0.0
2179,h2_storage,2030,19,19,19,0.0
2180,h2_storage,2030,19,20,20,0.0
2181,h2_storage,2030,19,21,21,0.0
2182,h2_storage,2030,19,22,22,0.0
2183,h2_storage,2030,19,23,23,0.0
2184,h2_storage,2030,19,24,24,0.0
2185,h2_storage,2030,20,1,1,0.0
2186,h2_storage,2030,20,2,2,0.0
2187,h2_storage,2030,20,3,3,0.0
2188,h2_storage,2030,20,4,4,0.0
2189,h2_storage,2030,20,5,5,0.0
2190,h2_storage,2030,20,6,6,0.0
2191,h2_storage,2030,20,7,7,0.0
2192,h2_storage,2030,20,8,8,0.0
2193,h2_storage,2030,20,9,9,0.0
2194,h2_storage,2030,20,10,10,0.0
2195,h2_storage,2030,20,11,11,0.0
2196,h2_storage,2030,20,12,12,0.0
2197,h2_storage,2030,20,13,13,0.0
2198,h2_storage,2030,20,14,14,0.0
2199,h2_storage,2030,20,15,15,0.0
2200,h2_storage,2030,20,16,16,0.0
2201,h2_storage,2030,20,17,17,0.0
2202,h2_storage,2030,20,18,18,0.0
2203,h2_storage,2030,20,19,19,0.0
2204,h2_storage,2030,20,20,20,0.0
2205,h2_storage,2030,20,21,21,0.0
2206,h2_storage,2030,20,22,22,0.0
2207,h2_storage,2030,20,23,23,0.0
2208,h2_storage,2030,20,24,24,0.0
2209,h2_storage,2030,21,1,1,0.0
2210,h2_storage,2030,21,2,2,0.0
2211,h2_storage,2030,21,3,3,0.0
2212,h2_storage,2030,21,4,4,0.0
2213,h2_storage,2030,21,5,5,0.0
2214,h2_storage,2030,21,6,6,0.0
2215,h2_storage,2030,21,7,7,0.0
2216,h2_storage,2030,21,8,8,0.0
2217,h2_storage,2030,21,9,9,0.0
2218,h2_storage,2030,21,10,10,0.0
2219,h2_storage,2030,21,11,11,0.0
2220,h2_storage,2030,21,12,12,0.0
2221,h2_storage,2030,21,13,13,0.0
2222,h2_storage,2030,21,14,14,0.0
2223,h2_storage,2030,21,15,15,0.0
2224,h2_storage,2030,21,16,16,0.0
2225,h2_storage,2030,21,17,17,0.0
2226,h2_storage,2030,21,18,18,0.0
2227,h2_storage,2030,21,19,19,0.0
2228,h2_storage,2030,21,20,20,0.0
2229,h2_storage,2030,21,21,21,0.0
2230,h2_storage,2030,21,22,22,0.0
2231,h2_storage,2030,21,23,23,0.0
2232,h2_storage,2030,21,24,24,0.0
2233,h2_storage,2030,22,1,1,0.0
2234,h2_storage,2030,22,2,2,0.0
2235,h2_storage,2030,22,3,3,0.0
2236,h2_storage,2030,22,4,4,0.0
2237,h2_storage,2030,22,5,5,0.0
2238,h2_storage,2030,22,6,6,0.0
2239,h2_storage,2030,22,7,7,0.0
2240,h2_storage,2030,22,8,8,0.0
2241,h2_storage,2030,22,9,9,0.0
2242,h2_storage,2030,22,10,10,0.0
2243,h2_storage,2030,22,11,11,0.0
2244,h2_storage,2030,22,12,12,0.0
2245,h2_storage,2030,22,13,13,0.0
2246,h2_storage,2030,22,14,14,0.0
2247,h2_storage,2030,22,15,15,0.0
2248,h2_storage,2030,22,16,16,0.0
2249,h2_storage,2030,22,17,17,0.0
2250,h2_storage,2030,22,18,18,0.0
2251,h2_storage,2030,22,19,19,0.0
2252,h2_storage,2030,22,20,20,0.0
2253,h2_storage,2030,22,21,21,0.0
2254,h2_storage,2030,22,22,22,0.0
2255,h2_storage,2030,22,23,23,0.0
2256,h2_storage,2030,22,24,24,0.0
2257,h2_storage,2030,23,1,1,0.0
2258,h2_storage,2030,23,2,2,0.0
2259,h2_storage,2030,23,3,3,0.0
2260,h2_storage,2030,23,4,4,0.0
2261,h2_storage,2030,23,5,5,0.0
2262,h2_storage,2030,23,6,6,0.0
2263,h2_storage,2030,23,7,7,0.0
2264,h2_storage,2030,23,8,8,0.0
2265,h2_storage,2030,23,9,9,0.0
2266,h2_storage,2030,23,10,10,0.0
2267,h2_storage,2030,23,11,11,0.0
2268,h2_storage,2030,23,12,12,0.0
2269,h2_storage,2030,23,13,13,0.0
2270,h2_storage,2030,23,14,14,0.0
2271,h2_storage,2030,23,15,15,0.0
2272,h2_storage,2030,23,16,16,0.0
2273,h2_storage,2030,23,17,17,0.0
2274,h2_storage,2030,23,18,18,0.0
2275,h2_storage,2030,23,19,19,0.0
2276,h2_storage,2030,23,20,20,0.0
2277,h2_storage,2030,23,21,21,0.0
2278,h2_storage,2030,23,22,22,0.0
2279,h2_storage,2030,23,23,23,0.0
2280,h2_storage,2030,23,24,24,0.0
2281,h2_storage,2030,24,1,1,0.0
2282,h2_storage,2030,24,2,2,0.0
2283,h2_storage,2030,24,3,3,0.0
2284,h2_storage,2030,24,4,4,0.0
2285,h2_storage,2030,24,5,5,0.0
2286,h2_storage,2030,24,6,6,0.0
2287,h2_storage,2030,24,7,7,0.0
2288,h2_storage,2030,24,8,8,0.0
2289,h2_storage,2030,24,9,9,0.0
2290,h2_storage,2030,24,10,10,0.0
2291,h2_storage,2030,24,11,11,0.0
2292,h2_storage,2030,24,12,12,0.0
2293,h2_storage,2030,24,13,13,0.0
2294,h2_storage,2030,24,14,14,0.0
2295,h2_storage,2030,24,15,15,0.0
2296,h2_storage,2030,24,16,16,0.0
2297,h2_storage,2030,24,17,17,0.0
2298,h2_storage,2030,24,18,18,0.0
2299,h2_storage,2030,24,19,19,0.0
2300,h2_storage,2030,24,20,20,0.0
2301,h2_storage,2030,24,21,21,0.0
2302,h2_storage,2030,24,22,22,0.0
2303,h2_storage,2030,24,23,23,0.0
2304,h2_storage,2030,24,24,24,0.0
2305,h2_storage,2030,25,1,1,0.0
2306,h2_storage,2030,25,2,2,0.0
2307,h2_storage,2030,25,3,3,0.0
2308,h2_storage,2030,25,4,4,0.0
2309,h2_storage,2030,25,5,5,0.0
2310,h2_storage,2030,25,6,6,0.0
2311,h2_storage,2030,25,7,7,0.0
2312,h2_storage,2030,25,8,8,0.0
2313,h2_storage,2030,25,9,9,0.0
2314,h2_storage,2030,25,10,10,0.0
2315,h2_storage,2030,25,11,11,0.0
2316,h2_storage,2030,25,12,12,0.0
2317,h2_storage,2030,25,13,13,0.0
2318,h2_storage,2030,25,14,14,0.0
2319,h2_storage,2030,25,15,15,0.0
2320,h2_storage,2030,25,16,16,0.0
2321,h2_storage,2030,25,17,17,0.0
2322,h2_storage,2030,25,18,18,0.0
2323,h2_storage,2030,25,19,19,0.0
2324,h2_storage,2030,25,20,20,0.0
2325,h2_storage,2030,25,21,21,0.0
2326,h2_storage,2030,25,22,22,0.0
2327,h2_storage,2030,25,23,23,0.0
2328,h2_storage,2030,25,24,24,0.0
2329,h2_storage,2030,26,1,1,0.0
2330,h2_storage,2030,26,2,2,0.0
2331,h2_storage,2030,26,3,3,0.0
2332,h2_storage,2030,26,4,4,0.0
2333,h2_storage,2030,26,5,5,0.0
2334,h2_storage,2030,26,6,6,0.0
2335,h2_storage,2030,26,7,7,0.0
2336,h2_storage,2030,26,8,8,0.0
2337,h2_storage,2030,26,9,9,0.0
2338,h2_storage,2030,26,10,10,0.0
2339,h2_storage,2030,26,11,11,0.0
2340,h2_storage,2030,26,12,12,0.0
2341,h2_storage,2030,26,13,13,0.0
2342,h2_storage,2030,26,14,14,0.0
2343,h2_storage,2030,26,15,15,0.0
2344,h2_storage,2030,26,16,16,0.0
2345,h2_storage,2030,26,17,17,0.0
2346,h2_storage,2030,26,18,18,0.0
2347,h2_storage,2030,26,19,19,0.0
2348,h2_storage,2030,26,20,20,0.0
2349,h2_storage,2030,26,21,21,0.0
2350,h2_storage,2030,26,22,22,0.0
2351,h2_storage,2030,26,23,23,0.0
2352,h2_storage,2030,26,24,24,0.0
2353,h2_storage,2030,27,1,1,0.0
2354,h2_storage,2030,27,2,2,0.0
2355,h2_storage,2030,27,3,3,0.0
2356,h2_storage,2030,27,4,4,0.0
2357,h2_storage,2030,27,5,5,0.0
2358,h2_storage,2030,27,6,6,0.0
2359,h2_storage,2030,27,7,7,0.0
2360,h2_storage,2030,27,8,8,0.0
2361,h2_storage,2030,27,9,9,0.0
2362,h2_storage,2030,27,10,10,0.0
2363,h2_storage,2030,27,11,11,0.0
2364,h2_storage,2030,27,12,12,0.0
2365,h2_storage,2030,27,13,13,0.0
2366,h2_storage,2030,27,14,14,0.0
2367,h2_storage,2030,27,15,15,0.0
2368,h2_storage,2030,27,16,16,0.0
2369,h2_storage,2030,27,17,17,0.0
2370,h2_storage,2030,27,18,18,0.0
2371,h2_storage,2030,27,19,19,0.0
2372,h2_storage,2030,27,20,20,0.0
2373,h2_storage,2030,27,21,21,0.0
2374,h2_storage,2030,27,22,22,0.0
2375,h2_storage,2030,27,23,23,0.0
2376,h2_storage,2030,27,24,24,0.0
2377,h2_storage,2030,28,1,1,0.0
2378,h2_storage,2030,28,2,2,0.0
2379,h2_storage,2030,28,3,3,0.0
2380,h2_storage,2030,28,4,4,0.0
2381,h2_storage,2030,28,5,5,0.0
2382,h2_storage,2030,28,6,6,0.0
2383,h2_storage,2030,28,7,7,0.0
2384,h2_storage,2030,28,8,8,0.0
2385,h2_storage,2030,28,9,9,0.0
2386,h2_storage,2030,28,10,10,0.0
2387,h2_storage,2030,28,11,11,0.0
2388,h2_storage,2030,28,12,12,0.0
2389,h2_storage,2030,28,13,13,0.0
2390,h2_storage,2030,28,14,14,0.0
2391,h2_storage,2030,28,15,15,0.0
2392,h2_storage,2030,28,16,16,0.0
2393,h2_storage,2030,28,17,17,0.0
2394,h2_storage,2030,28,18,18,0.0
2395,h2_storage,2030,28,19,19,0.0
2396,h2_storage,2030,28,20,20,0.0
2397,h2_storage,2030,28,21,21,0.0
2398,h2_storage,2030,28,22,22,0.0
2399,h2_storage,2030,28,23,23,0.0
2400,h2_storage,2030,28,24,24,0.0
2401,h2_storage,2030,29,1,1,0.0
2402,h2_storage,2030,29,2,2,0.0
2403,h2_storage,2030,29,3,3,0.0
2404,h2_storage,2030,29,4,4,0.0
2405,h2_storage,2030,29,5,5,0.0
2406,h2_storage,2030,29,6,6,0.0
2407,h2_storage,2030,29,7,7,0.0
2408,h2_storage,2030,29,8,8,0.0
2409,h2_storage,2030,29,9,9,0.0
2410,h2_storage,2030,29,10,10,0.0
2411,h2_storage,2030,29,11,11,0.0
2412,h2_storage,2030,29,12,12,0.0
2413,h2_storage,2030,29,13,13,0.0
2414,h2_storage,2030,29,14,14,0.0
2415,h2_storage,2030,29,15,15,0.0
2416,h2_storage,2030,29,16,16,0.0
2417,h2_storage,2030,29,17,17,0.0
2418,h2_storage,2030,29,18,18,0.0
2419,h2_storage,2030,29,19,19,0.0
2420,h2_storage,2030,29,20,20,0.0
2421,h2_storage,2030,29,21,21,0.0
2422,h2_storage,2030,29,22,22,0.0
2423,h2_storage,2030,29,23,23,0.0
2424,h2_storage,2030,29,24,24,0.0
2425,h2_storage,2030,30,1,1,0.0
2426,h2_storage,2030,30,2,2,0.0
2427,h2_storage,2030,30,3,3,0.0
2428,h2_storage,2030,30,4,4,0.0
2429,h2_storage,2030,30,5,5,0.0
2430,h2_storage,2030,30,6,6,0.0
2431,h2_storage,2030,30,7,7,0.0
2432,h2_storage,2030,30,8,8,0.0
2433,h2_storage,2030,30,9,9,0.0
2434,h2_storage,2030,30,10,10,0.0
2435,h2_storage,2030,30,11,11,0.0
2436,h2_storage,2030,30,12,12,0.0
2437,h2_storage,2030,30,13,13,0.0
2438,h2_storage,2030,30,14,14,0.0
2439,h2_storage,2030,30,15,15,0.0
2440,h2_storage,2030,30,16,16,0.0
2441,h2_storage,2030,30,17,17,0.0
2442,h2_storage,2030,30,18,18,0.0
2443,h2_storage,2030,30,19,19,0.0
2444,h2_storage,2030,30,20,20,0.0
2445,h2_storage,2030,30,21,21,0.0
2446,h2_storage,2030,30,22,22,0.0
2447,h2_storage,2030,30,23,23,0.0
2448,h2_storage,2030,30,24,24,0.0
2449,h2_storage,2030,31,1,1,0.0
2450,h2_storage,2030,31,2,2,0.0
2451,h2_storage,2030,31,3,3,0.0
2452,h2_storage,2030,31,4,4,0.0
2453,h2_storage,2030,31,5,5,0.0
2454,h2_storage,2030,31,6,6,0.0
2455,h2_storage,2030,31,7,7,0.0
2456,h2_storage,2030,31,8,8,0.0
2457,h2_storage,2030,31,9,9,0.0
2458,h2_storage,2030,31,10,10,0.0
2459,h2_storage,2030,31,11,11,0.0
2460,h2_storage,2030,31,12,12,0.0
2461,h2_storage,2030,31,13,13,0.0
2462,h2_storage,2030,31,14,14,0.0
2463,h2_storage,2030,31,15,15,0.0
2464,h2_storage,2030,31,16,16,0.0
2465,h2_storage,2030,31,17,17,0.0
2466,h2_storage,2030,31,18,18,0.0
2467,h2_storage,2030,31,19,19,0.0
2468,h2_storage,2030,31,20,20,0.0
2469,h2_storage,2030,31,21,21,0.0
2470,h2_storage,2030,31,22,22,0.0
2471,h2_storage,2030,31,23,23,0.0
2472,h2_storage,2030,31,24,24,0.0
2473,h2_storage,2030,32,1,1,0.0
2474,h2_storage,2030,32,2,2,0.0
2475,h2_storage,2030,32,3,3,0.0
2476,h2_storage,2030,32,4,4,0.0
2477,h2_storage,2030,32,5,5,0.0
2478,h2_storage,2030,32,6,6,0.0
2479,h2_storage,2030,32,7,7,0.0
2480,h2_storage,2030,32,8,8,0.0
2481,h2_storage,2030,32,9,9,0.0
2482,h2_storage,2030,32,10,10,0.0
2483,h2_storage,2030,32,11,11,0.0
2484,h2_storage,2030,32,12,12,0.0
2485,h2_storage,2030,32,13,13,0.0
2486,h2_storage,2030,32,14,14,0.0
2487,h2_storage,2030,32,15,15,0.0
2488,h2_storage,2030,32,16,16,0.0
2489,h2_storage,2030,32,17,17,0.0
2490,h2_storage,2030,32,18,18,0.0
2491,h2_storage,2030,32,19,19,0.0
2492,h2_storage,2030,32,20,20,0.0
2493,h2_storage,2030,32,21,21,0.0
2494,h2_storage,2030,32,22,22,0.0
2495,h2_storage,2030,32,23,23,0.0
2496,h2_storage,2030,32,24,24,0.0
2497,h2_storage,2030,33,1,1,0.0
2498,h2_storage,2030,33,2,2,0.0
2499,h2_storage,2030,33,3,3,0.0
2500,h2_storage,2030,33,4,4,0.0
2501,h2_storage,2030,33,5,5,0.0
2502,h2_storage,2030,33,6,6,0.0
2503,h2_storage,2030,33,7,7,0.0
2504,h2_storage,2030,33,8,8,0.0
2505,h2_storage,2030,33,9,9,0.0
2506,h2_storage,2030,33,10,10,0.0
2507,h2_storage,2030,33,11,11,0.0
2508,h2_storage,2030,33,12,12,0.0
2509,h2_storage,2030,33,13,13,0.0
2510,h2_storage,2030,33,14,14,0.0
2511,h2_storage,2030,33,15,15,0.0
2512,h2_storage,2030,33,16,16,0.0
2513,h2_storage,2030,33,17,17,0.0
2514,h2_storage,2030,33,18,18,0.0
2515,h2_storage,2030,33,19,19,0.0
2516,h2_storage,2030,33,20,20,0.0
2517,h2_storage,2030,33,21,21,0.0
2518,h2_storage,2030,33,22,22,0.0
2519,h2_storage,2030,33,23,23,0.0
2520,h2_storage,2030,33,24,24,0.0
2521,h2_storage,2030,34,1,1,0.0
2522,h2_storage,2030,34,2,2,0.0
2523,h2_storage,2030,34,3,3,0.0
2524,h2_storage,2030,34,4,4,0.0
2525,h2_storage,2030,34,5,5,0.0
2526,h2_storage,2030,34,6,6,0.0
2527,h2_storage,2030,34,7,7,0.0
2528,h2_storage,2030,34,8,8,0.0
2529,h2_storage,2030,34,9,9,0.0
2530,h2_storage,2030,34,10,10,0.0
2531,h2_storage,2030,34,11,11,0.0
2532,h2_storage,2030,34,12,12,0.0
2533,h2_storage,2030,34,13,13,0.0
2534,h2_storage,2030,34,14,14,0.0
2535,h2_storage,2030,34,15,15,0.0
2536,h2_storage,2030,34,16,16,0.0
2537,h2_storage,2030,34,17,17,0.0
2538,h2_storage,2030,34,18,18,0.0
2539,h2_storage,2030,34,19,19,0.0
2540,h2_storage,2030,34,20,20,0.0
2541,h2_storage,2030,34,21,21,0.0
2542,h2_storage,2030,34,22,22,0.0
2543,h2_storage,2030,34,23,23,0.0
2544,h2_storage,2030,34,24,24,0.0
2545,h2_storage,2030,35,1,1,0.0
2546,h2_storage,2030,35,2,2,0.0
2547,h2_storage,2030,35,3,3,0.0
2548,h2_storage,2030,35,4,4,0.0
2549,h2_storage,2030,35,5,5,0.0
2550,h2_storage,2030,35,6,6,0.0
2551,h2_storage,2030,35,7,7,0.0
2552,h2_storage,2030,35,8,8,0.0
2553,h2_storage,2030,35,9,9,0.0
2554,h2_storage,2030,35,10,10,0.0
2555,h2_storage,2030,35,11,11,0.0
2556,h2_storage,2030,35,12,12,0.0
2557,h2_storage,2030,35,13,13,0.0
2558,h2_storage,2030,35,14,14,0.0
2559,h2_storage,2030,35,15,15,0.0
2560,h2_storage,2030,35,16,16,0.0
2561,h2_storage,2030,35,17,17,0.0
2562,h2_storage,2030,35,18,18,0.0
2563,h2_storage,2030,35,19,19,0.0
2564,h2_storage,2030,35,20,20,0.0
2565,h2_storage,2030,35,21,21,0.0
2566,h2_storage,2030,35,22,22,0.0
2567,h2_storage,2030,35,23,23,0.0
2568,h2_storage,2030,35,24,24,0.0
2569,h2_storage,2030,36,1,1,0.0
2570,h2_storage,2030,36,2,2,0.0
2571,h2_storage,2030,36,3,3,0.0
2572,h2_storage,2030,36,4,4,0.0
2573,h2_storage,2030,36,5,5,0.0
2574,h2_storage,2030,36,6,6,0.0
2575,h2_storage,2030,36,7,7,0.0
2576,h2_storage,2030,36,8,8,0.0
2577,h2_storage,2030,36,9,9,0.0
2578,h2_storage,2030,36,10,10,0.0
2579,h2_storage,2030,36,11,11,0.0
2580,h2_storage,2030,36,12,12,0.0
2581,h2_storage,2030,36,13,13,0.0
2582,h2_storage,2030,36,14,14,0.0
2583,h2_storage,2030,36,15,15,0.0
2584,h2_storage,2030,36,16,16,0.0
2585,h2_storage,2030,36,17,17,0.0
2586,h2_storage,2030,36,18,18,0.0
2587,h2_storage,2030,36,19,19,0.0
2588,h2_storage,2030,36,20,20,0.0
2589,h2_storage,2030,36,21,21,0.0
2590,h2_storage,2030,36,22,22,0.0
2591,h2_storage,2030,36,23,23,0.0
2592,h2_storage,2030,36,24,24,0.0
2593,h2_storage,2030,37,1,1,0.0
2594,h2_storage,2030,37,2,2,0.0
2595,h2_storage,2030,37,3,3,0.0
2596,h2_storage,2030,37,4,4,0.0
2597,h2_storage,2030,37,5,5,0.0
2598,h2_storage,2030,37,6,6,0.0
2599,h2_storage,2030,37,7,7,0.0
2600,h2_storage,2030,37,8,8,0.0
2601,h2_storage,2030,37,9,9,0.0
2602,h2_storage,2030,37,10,10,0.0
2603,h2_storage,2030,37,11,11,0.0
2604,h2_storage,2030,37,12,12,0.0
2605,h2_storage,2030,37,13,13,0.0
2606,h2_storage,2030,37,14,14,0.0
2607,h2_storage,2030,37,15,15,0.0
2608,h2_storage,2030,37,16,16,0.0
2609,h2_storage,2030,37,17,17,0.0
2610,h2_storage,2030,37,18,18,0.0
2611,h2_storage,2030,37,19,19,0.0
2612,h2_storage,2030,37,20,20,0.0
2613,h2_storage,2030,37,21,21,0.0
2614,h2_storage,2030,37,22,22,0.0
2615,h2_storage,2030,37,23,23,0.0
2616,h2_storage,2030,37,24,24,0.0
2617,h2_storage,2030,38,1,1,0.0
2618,h2_storage,2030,38,2,2,0.0
2619,h2_storage,2030,38,3,3,0.0
2620,h2_storage,2030,38,4,4,0.0
2621,h2_storage,2030,38,5,5,0.0
2622,h2_storage,2030,38,6,6,0.0
2623,h2_storage,2030,38,7,7,0.0
2624,h2_storage,2030,38,8,8,0.0
2625,h2_storage,2030,38,9,9,0.0
2626,h2_storage,2030,38,10,10,0.0
2627,h2_storage,2030,38,11,11,0.0
2628,h2_storage,2030,38,12,12,0.0
2629,h2_storage,2030,38,13,13,0.0
2630,h2_storage,2030,38,14,14,0.0
2631,h2_storage,2030,38,15,15,0.0
2632,h2_storage,2030,38,16,16,0.0
2633,h2_storage,2030,38,17,17,0.0
2634,h2_storage,2030,38,18,18,0.0
2635,h2_storage,2030,38,19,19,0.0
2636,h2_storage,2030,38,20,20,0.0
2637,h2_storage,2030,38,21,21,0.0
2638,h2_storage,2030,38,22,22,0.0
2639,h2_storage,2030,38,23,23,0.0
2640,h2_storage,2030,38,24,24,0.0
2641,h2_storage,2030,39,1,1,0.0
2642,h2_storage,2030,39,2,2,0.0
2643,h2_storage,2030,39,3,3,0.0
2644,h2_storage,2030,39,4,4,0.0
2645,h2_storage,2030,39,5,5,0.0
2646,h2_storage,2030,39,6,6,0.0
2647,h2_storage,2030,39,7,7,0.0
2648,h2_storage,2030,39,8,8,0.0
2649,h2_storage,2030,39,9,9,0.0
2650,h2_storage,2030,39,10,10,0.0
2651,h2_storage,2030,39,11,11,0.0
2652,h2_storage,2030,39,12,12,0.0
2653,h2_storage,2030,39,13,13,0.0
2654,h2_storage,2030,39,14,14,0.0
2655,h2_storage,2030,39,15,15,0.0
2656,h2_storage,2030,39,16,16,0.0
2657,h2_storage,2030,39,17,17,0.0
2658,h2_storage,2030,39,18,18,0.0
2659,h2_storage,2030,39,19,19,0.0
2660,h2_storage,2030,39,20,20,0.0
2661,h2_storage,2030,39,21,21,0.0
2662,h2_storage,2030,39,22,22,0.0
2663,h2_storage,2030,39,23,23,0.0
2664,h2_storage,2030,39,24,24,0.0
2665,h2_storage,2030,40,1,1,0.0
2666,h2_storage,2030,40,2,2,0.0
2667,h2_storage,2030,40,3,3,0.0
2668,h2_storage,2030,40,4,4,0.0
2669,h2_storage,2030,40,5,5,0.0
2670,h2_storage,2030,40,6,6,0.0
2671,h2_storage,2030,40,7,7,0.0
2672,h2_storage,2030,40,8,8,0.0
2673,h2_storage,2030,40,9,9,0.0
2674,h2_storage,2030,40,10,10,0.0
2675,h2_storage,2030,40,11,11,0.0
2676,h2_storage,2030,40,12,12,0.0
2677,h2_storage,2030,40,13,13,0.0
2678,h2_storage,2030,40,14,14,0.0
2679,h2_storage,2030,40,15,15,0.0
2680,h2_storage,2030,40,16,16,0.0
2681,h2_storage,2030,40,17,17,0.0
2682,h2_storage,2030,40,18,18,0.0
2683,h2_storage,2030,40,19,19,0.0
2684,h2_storage,2030,40,20,20,0.0
2685,h2_storage,2030,40,21,21,0.0
2686,h2_storage,2030,40,22,22,0.0
2687,h2_storage,2030,40,23,23,0.0
2688,h2_storage,2030,40,24,24,0.0
2689,h2_storage,2030,41,1,1,0.0
2690,h2_storage,2030,41,2,2,0.0
2691,h2_storage,2030,41,3,3,0.0
2692,h2_storage,2030,41,4,4,0.0
2693,h2_storage,2030,41,5,5,0.0
2694,h2_storage,2030,41,6,6,0.0
2695,h2_storage,2030,41,7,7,0.0
2696,h2_storage,2030,41,8,8,0.0
2697,h2_storage,2030,41,9,9,0.0
2698,h2_storage,2030,41,10,10,0.0
2699,h2_storage,2030,41,11,11,0.0
2700,h2_storage,2030,41,12,12,0.0
2701,h2_storage,2030,41,13,13,0.0
2702,h2_storage,2030,41,14,14,0.0
2703,h2_storage,2030,41,15,15,0.0
2704,h2_storage,2030,41,16,16,0.0
2705,h2_storage,2030,41,17,17,0.0
2706,h2_storage,2030,41,18,18,0.0
2707,h2_storage,2030,41,19,19,0.0
2708,h2_storage,2030,41,20,20,0.0
2709,h2_storage,2030,41,21,21,0.0
2710,h2_storage,2030,41,22,22,0.0
2711,h2_storage,2030,41,23,23,0.0
2712,h2_storage,2030,41,24,24,0.0
2713,h2_storage,2030,42,1,1,0.0
2714,h2_storage,2030,42,2,2,0.0
2715,h2_storage,2030,42,3,3,0.0
2716,h2_storage,2030,42,4,4,0.0
2717,h2_storage,2030,42,5,5,0.0
2718,h2_storage,2030,42,6,6,0.0
2719,h2_storage,2030,42,7,7,0.0
2720,h2_storage,2030,42,8,8,0.0
2721,h2_storage,2030,42,9,9,0.0
2722,h2_storage,2030,42,10,10,0.0
2723,h2_storage,2030,42,11,11,0.0
2724,h2_storage,2030,42,12,12,0.0
2725,h2_storage,2030,42,13,13,0.0
2726,h2_storage,2030,42,14,14,0.0
2727,h2_storage,2030,42,15,15,0.0
2728,h2_storage,2030,42,16,16,0.0
2729,h2_storage,2030,42,17,17,0.0
2730,h2_storage,2030,42,18,18,0.0
2731,h2_storage,2030,42,19,19,0.0
2732,h2_storage,2030,42,20,20,0.0
2733,h2_storage,2030,42,21,21,0.0
2734,h2_storage,2030,42,22,22,0.0
2735,h2_storage,2030,42,23,23,0.0
2736,h2_storage,2030,42,24,24,0.0
2737,h2_storage,2030,43,1,1,0.0
2738,h2_storage,2030,43,2,2,0.0
2739,h2_storage,2030,43,3,3,0.0
2740,h2_storage,2030,43,4,4,0.0
2741,h2_storage,2030,43,5,5,0.0
2742,h2_storage,2030,43,6,6,0.0
2743,h2_storage,2030,43,7,7,0.0
2744,h2_storage,2030,43,8,8,0.0
2745,h2_storage,2030,43,9,9,0.0
2746,h2_storage,2030,43,10,10,0.0
2747,h2_storage,2030,43,11,11,0.0
2748,h2_storage,2030,43,12,12,0.0
2749,h2_storage,2030,43,13,13,0.0
2750,h2_storage,2030,43,14,14,0.0
2751,h2_storage,2030,43,15,15,0.0
2752,h2_storage,2030,43,16,16,0.0
2753,h2_storage,2030,43,17,17,0.0
2754,h2_storage,2030,43,18,18,0.0
2755,h2_storage,2030,43,19,19,0.0
2756,h2_storage,2030,43,20,20,0.0
2757,h2_storage,2030,43,21,21,0.0
2758,h2_storage,2030,43,22,22,0.0
2759,h2_storage,2030,43,23,23,0.0
2760,h2_storage,2030,43,24,24,0.0
2761,h2_storage,2030,44,1,1,0.0
2762,h2_storage,2030,44,2,2,0.0
2763,h2_storage,2030,44,3,3,0.0
2764,h2_storage,2030,44,4,4,0.0
2765,h2_storage,2030,44,5,5,0.0
2766,h2_storage,2030,44,6,6,0.0
2767,h2_storage,2030,44,7,7,0.0
2768,h2_storage,2030,44,8,8,0.0
2769,h2_storage,2030,44,9,9,0.0
2770,h2_storage,2030,44,10,10,0.0
2771,h2_storage,2030,44,11,11,0.0
2772,h2_storage,2030,44,12,12,0.0
2773,h2_storage,2030,44,13,13,0.0
2774,h2_storage,2030,44,14,14,0.0
2775,h2_storage,2030,44,15,15,0.0
2776,h2_storage,2030,44,16,16,0.0
2777,h2_storage,2030,44,17,17,0.0
2778,h2_storage,2030,44,18,18,0.0
2779,h2_storage,2030,44,19,19,0.0
2780,h2_storage,2030,44,20,20,0.0
2781,h2_storage,2030,44,21,21,0.0
2782,h2_storage,2030,44,22,22,0.0
2783,h2_storage,2030,44,23,23,0.0
2784,h2_storage,2030,44,24,24,0.0
2785,h2_storage,2030,45,1,1,0.0
2786,h2_storage,2030,45,2,2,0.0
2787,h2_storage,2030,45,3,3,0.0
2788,h2_storage,2030,45,4,4,0.0
2789,h2_storage,2030,45,5,5,0.0
2790,h2_storage,2030,45,6,6,0.0
2791,h2_storage,2030,45,7,7,0.0
2792,h2_storage,2030,45,8,8,0.0
2793,h2_storage,2030,45,9,9,0.0
2794,h2_storage,2030,45,10,10,0.0
2795,h2_storage,2030,45,11,11,0.0
2796,h2_storage,2030,45,12,12,0.0
2797,h2_storage,2030,45,13,13,0.0
2798,h2_storage,2030,45,14,14,0.0
2799,h2_storage,2030,45,15,15,0.0
2800,h2_storage,2030,45,16,16,0.0
2801,h2_storage,2030,45,17,17,0.0
2802,h2_storage,2030,45,18,18,0.0
2803,h2_storage,2030,45,19,19,0.0
2804,h2_storage,2030,45,20,20,0.0
2805,h2_storage,2030,45,21,21,0.0
2806,h2_storage,2030,45,22,22,0.0
2807,h2_storage,2030,45,23,23,0.0
2808,h2_storage,2030,45,24,24,0.0
2809,h2_storage,2030,46,1,1,0.0
2810,h2_storage,2030,46,2,2,0.0
2811,h2_storage,2030,46,3,3,0.0
2812,h2_storage,2030,46,4,4,0.0
2813,h2_storage,2030,46,5,5,0.0
2814,h2_storage,2030,46,6,6,0.0
2815,h2_storage,2030,46,7,7,0.0
2816,h2_storage,2030,46,8,8,0.0
2817,h2_storage,2030,46,9,9,0.0
2818,h2_storage,2030,46,10,10,0.0
2819,h2_storage,2030,46,11,11,0.0
2820,h2_storage,2030,46,12,12,0.0
2821,h2_storage,2030,46,13,13,0.0
2822,h2_storage,2030,46,14,14,0.0
2823,h2_storage,2030,46,15,15,0.0
2824,h2_storage,2030,46,16,16,0.0
2825,h2_storage,2030,46,17,17,0.0
2826,h2_storage,2030,46,18,18,0.0
2827,h2_storage,2030,46,19,19,0.0
2828,h2_storage,2030,46,20,20,0.0
2829,h2_storage,2030,46,21,21,0.0
2830,h2_storage,2030,46,22,22,0.0
2831,h2_storage,2030,46,23,23,0.0
2832,h2_storage,2030,46,24,24,0.0
2833,h2_storage,2030,47,1,1,0.0
2834,h2_storage,2030,47,2,2,0.0
2835,h2_storage,2030,47,3,3,0.0
2836,h2_storage,2030,47,4,4,0.0
2837,h2_storage,2030,47,5,5,0.0
2838,h2_storage,2030,47,6,6,0.0
2839,h2_storage,2030,47,7,7,0.0
2840,h2_storage,2030,47,8,8,0.0
2841,h2_storage,2030,47,9,9,0.0
2842,h2_storage,2030,47,10,10,0.0
2843,h2_storage,2030,47,11,11,0.0
2844,h2_storage,2030,47,12,12,0.0
2845,h2_storage,2030,47,13,13,0.0
2846,h2_storage,2030,47,14,14,0.0
2847,h2_storage,2030,47,15,15,0.0
2848,h2_storage,2030,47,16,16,0.0
2849,h2_storage,2030,47,17,17,0.0
2850,h2_storage,2030,47,18,18,0.0
2851,h2_storage,2030,47,19,19,0.0
2852,h2_storage,2030,47,20,20,0.0
2853,h2_storage,2030,47,21,21,0.0
2854,h2_storage,2030,47,22,22,0.0
2855,h2_storage,2030,47,23,23,0.0
2856,h2_storage,2030,47,24,24,0.0
2857,h2_storage,2030,48,1,1,0.0
2858,h2_storage,2030,48,2,2,0.0
2859,h2_storage,2030,48,3,3,0.0
2860,h2_storage,2030,48,4,4,0.0
2861,h2_storage,2030,48,5,5,0.0
2862,h2_storage,2030,48,6,6,0.0
2863,h2_storage,2030,48,7,7,0.0
2864,h2_storage,2030,48,8,8,0.0
2865,h2_storage,2030,48,9,9,0.0
2866,h2_storage,2030,48,10,10,0.0
2867,h2_storage,2030,48,11,11,0.0
2868,h2_storage,2030,48,12,12,0.0
2869,h2_storage,2030,48,13,13,0.0
2870,h2_storage,2030,48,14,14,0.0
2871,h2_storage,2030,48,15,15,0.0
2872,h2_storage,2030,48,16,16,0.0
2873,h2_storage,2030,48,17,17,0.0
2874,h2_storage,2030,48,18,18,0.0
2875,h2_storage,2030,48,19,19,0.0
2876,h2_storage,2030,48,20,20,0.0
2877,h2_storage,2030,48,21,21,0.0
2878,h2_storage,2030,48,22,22,0.0
2879,h2_storage,2030,48,23,23,0.0
2880,h2_storage,2030,48,24,24,0.0
2881,h2_storage,2030,49,1,1,0.0
2882,h2_storage,2030,49,2,2,0.0
2883,h2_storage,2030,49,3,3,0.0
2884,h2_storage,2030,49,4,4,0.0
2885,h2_storage,2030,49,5,5,0.0
2886,h2_storage,2030,49,6,6,0.0
2887,h2_storage,2030,49,7,7,0.0
2888,h2_storage,2030,49,8,8,0.0
2889,h2_storage,2030,49,9,9,0.0
2890,h2_storage,2030,49,10,10,0.0
2891,h2_storage,2030,49,11,11,0.0
2892,h2_storage,2030,49,12,12,0.0
2893,h2_storage,2030,49,13,13,0.0
2894,h2_storage,2030,49,14,14,0.0
2895,h2_storage,2030,49,15,15,0.0
2896,h2_storage,2030,49,16,16,0.0
2897,h2_storage,2030,49,17,17,0.0
2898,h2_storage,2030,49,18,18,0.0
2899,h2_storage,2030,49,19,19,0.0
2900,h2_storage,2030,49,20,20,0.0
2901,h2_storage,2030,49,21,21,0.0
2902,h2_storage,2030,49,22,22,0.0
2903,h2_storage,2030,49,23,23,0.0
2904,h2_storage,2030,49,24,24,0.0
2905,h2_storage,2030,50,1,1,0.0
2906,h2_storage,2030,50,2,2,0.0
2907,h2_storage,2030,50,3,3,0.0
2908,h2_storage,2030,50,4,4,0.0
2909,h2_storage,2030,50,5,5,0.0
2910,h2_storage,2030,50,6,6,0.0
2911,h2_storage,2030,50,7,7,0.0
2912,h2_storage,2030,50,8,8,0.0
2913,h2_storage,2030,50,9,9,0.0
2914,h2_storage,2030,50,10,10,0.0
2915,h2_storage,2030,50,11,11,0.0
2916,h2_storage,2030,50,12,12,0.0
2917,h2_storage,2030,50,13,13,0.0
2918,h2_storage,2030,50,14,14,0.0
2919,h2_storage,2030,50,15,15,0.0
2920,h2_storage,2030,50,16,16,0.0
2921,h2_storage,2030,50,17,17,0.0
2922,h2_storage,2030,50,18,18,0.0
2923,h2_storage,2030,50,19,19,0.0
2924,h2_storage,2030,50,20,20,0.0
2925,h2_storage,2030,50,21,21,0.0
2926,h2_storage,2030,50,22,22,0.0
2927,h2_storage,2030,50,23,23,0.0
2928,h2_storage,2030,50,24,24,0.0
2929,h2_storage,2030,51,1,1,0.0
2930,h2_storage,2030,51,2,2,0.0
2931,h2_storage,2030,51,3,3,0.0
2932,h2_storage,2030,51,4,4,0.0
2933,h2_storage,2030,51,5,5,0.0
2934,h2_storage,2030,51,6,6,0.0
2935,h2_storage,2030,51,7,7,0.0
2936,h2_storage,2030,51,8,8,0.0
2937,h2_storage,2030,51,9,9,0.0
2938,h2_storage,2030,51,10,10,0.0
2939,h2_storage,2030,51,11,11,0.0
2940,h2_storage,2030,51,12,12,0.0
2941,h2_storage,2030,51,13,13,0.0
2942,h2_storage,2030,51,14,14,0.0
2943,h2_storage,2030,51,15,15,0.0
2944,h2_storage,2030,51,16,16,0.0
2945,h2_storage,2030,51,17,17,0.0
2946,h2_storage,2030,51,18,18,0.0
2947,h2_storage,2030,51,19,19,0.0
2948,h2_storage,2030,51,20,20,0.0
2949,h2_storage,2030,51,21,21,0.0
2950,h2_storage,2030,51,22,22,0.0
2951,h2_storage,2030,51,23,23,0.0
2952,h2_storage,2030,51,24,24,0.0
2953,h2_storage,2030,52,1,1,0.0
2954,h2_storage,2030,52,2,2,0.0
2955,h2_storage,2030,52,3,3,0.0
2956,h2_storage,2030,52,4,4,0.0
2957,h2_storage,2030,52,5,5,0.0
2958,h2_storage,2030,52,6,6,0.0
2959,h2_storage,2030,52,7,7,0.0
2960,h2_storage,2030,52,8,8,0.0
2961,h2_storage,2030,52,9,9,0.0
2962,h2_storage,2030,52,10,10,0.0
2963,h2_storage,2030,52,11,11,0.0
2964,h2_storage,2030,52,12,12,0.0
2965,h2_storage,2030,52,13,13,0.0
2966,h2_storage,2030,52,14,14,0.0
2967,h2_storage,2030,52,15,15,0.0
2968,h2_storage,2030,52,16,16,0.0
2969,h2_storage,2030,52,17,17,0.0
2970,h2_storage,2030,52,18,18,0.0
2971,h2_storage,2030,52,19,19,0.0
2972,h2_storage,2030,52,20,20,0.0
2973,h2_storage,2030,52,21,21,0.0
2974,h2_storage,2030,52,22,22,0.0
2975,h2_storage,2030,52,23,23,0.0
2976,h2_storage,2030,52,24,24,0.0
2977,h2_storage,2030,53,1,1,0.0
2978,h2_storage,2030,53,2,2,0.0
2979,h2_storage,2030,53,3,3,0.0
2980,h2_storage,2030,53,4,4,0.0
2981,h2_storage,2030,53,5,5,0.0
2982,h2_storage,2030,53,6,6,0.0
2983,h2_storage,2030,53,7,7,0.0
2984,h2_storage,2030,53,8,8,0.0
2985,h2_storage,2030,53,9,9,0.0
2986,h2_storage,2030,53,10,10,0.0
2987,h2_storage,2030,53,11,11,0.0
2988,h2_storage,2030,53,12,12,0.0
2989,h2_storage,2030,53,13,13,0.0
2990,h2_storage,2030,53,14,14,0.0
2991,h2_storage,2030,53,15,15,0.0
2992,h2_storage,2030,53,16,16,0.0
2993,h2_storage,2030,53,17,17,0.0
2994,h2_storage,2030,53,18,18,0.0
2995,h2_storage,2030,53,19,19,0.0
2996,h2_storage,2030,53,20,20,0.0
2997,h2_storage,2030,53,21,21,0.0
2998,h2_storage,2030,53,22,22,0.0
2999,h2_storage,2030,53,23,23,0.0
3000,h2_storage,2030,53,24,24,0.0
3001,h2_storage,2030,54,1,1,0.0
3002,h2_storage,2030,54,2,2,0.0
3003,h2_storage,2030,54,3,3,0.0
3004,h2_storage,2030,54,4,4,0.0
3005,h2_storage,2030,54,5,5,0.0
3006,h2_storage,2030,54,6,6,0.0
3007,h2_storage,2030,54,7,7,0.0
3008,h2_storage,2030,54,8,8,0.0
3009,h2_storage,2030,54,9,9,0.0
3010,h2_storage,2030,54,10,10,0.0
3011,h2_storage,2030,54,11,11,0.0
3012,h2_storage,2030,54,12,12,0.0
3013,h2_storage,2030,54,13,13,0.0
3014,h2_storage,2030,54,14,14,0.0
3015,h2_storage,2030,54,15,15,0.0
3016,h2_storage,2030,54,16,16,0.0
3017,h2_storage,2030,54,17,17,0.0
3018,h2_storage,2030,54,18,18,0.0
3019,h2_storage,2030,54,19,19,0.0
3020,h2_storage,2030,54,20,20,0.0
3021,h2_storage,2030,54,21,21,0.0
3022,h2_storage,2030,54,22,22,0.0
3023,h2_storage,2030,54,23,23,0.0
3024,h2_storage,2030,54,24,24,0.0
3025,h2_storage,2030,55,1,1,0.0
3026,h2_storage,2030,55,2,2,0.0
3027,h2_storage,2030,55,3,3,0.0
3028,h2_storage,2030,55,4,4,0.0
3029,h2_storage,2030,55,5,5,0.0
3030,h2_storage,2030,55,6,6,0.0
3031,h2_storage,2030,55,7,7,0.0
3032,h2_storage,2030,55,8,8,0.0
3033,h2_storage,2030,55,9,9,0.0
3034,h2_storage,2030,55,10,10,0.0
3035,h2_storage,2030,55,11,11,0.0
3036,h2_storage,2030,55,12,12,0.0
3037,h2_storage,2030,55,13,13,0.0
3038,h2_storage,2030,55,14,14,0.0
3039,h2_storage,2030,55,15,15,0.0
3040,h2_storage,2030,55,16,16,0.0
3041,h2_storage,2030,55,17,17,0.0
3042,h2_storage,2030,55,18,18,0.0
3043,h2_storage,2030,55,19,19,0.0
3044,h2_storage,2030,55,20,20,0.0
3045,h2_storage,2030,55,21,21,0.0
3046,h2_storage,2030,55,22,22,0.0
3047,h2_storage,2030,55,23,23,0.0
3048,h2_storage,2030,55,24,24,0.0
3049,h2_storage,2030,56,1,1,0.0
3050,h2_storage,2030,56,2,2,0.0
3051,h2_storage,2030,56,3,3,0.0
3052,h2_storage,2030,56,4,4,0.0
3053,h2_storage,2030,56,5,5,0.0
3054,h2_storage,2030,56,6,6,0.0
3055,h2_storage,2030,56,7,7,0.0
3056,h2_storage,2030,56,8,8,0.0
3057,h2_storage,2030,56,9,9,0.0
3058,h2_storage,2030,56,10,10,0.0
3059,h2_storage,2030,56,11,11,0.0
3060,h2_storage,2030,56,12,12,0.0
3061,h2_storage,2030,56,13,13,0.0
3062,h2_storage,2030,56,14,14,0.0
3063,h2_storage,2030,56,15,15,0.0
3064,h2_storage,2030,56,16,16,0.0
3065,h2_storage,2030,56,17,17,0.0
3066,h2_storage,2030,56,18,18,0.0
3067,h2_storage,2030,56,19,19,0.0
3068,h2_storage,2030,56,20,20,0.0
3069,h2_storage,2030,56,21,21,0.0
3070,h2_storage,2030,56,22,22,0.0
3071,h2_storage,2030,56,23,23,0.0
3072,h2_storage,2030,56,24,24,0.0
3073,h2_storage,2030,57,1,1,0.0
3074,h2_storage,2030,57,2,2,0.0
3075,h2_storage,2030,57,3,3,0.0
3076,h2_storage,2030,57,4,4,0.0
3077,h2_storage,2030,57,5,5,0.0
3078,h2_storage,2030,57,6,6,0.0
3079,h2_storage,2030,57,7,7,0.0
3080,h2_storage,2030,57,8,8,0.0
3081,h2_storage,2030,57,9,9,0.0
3082,h2_storage,2030,57,10,10,0.0
3083,h2_storage,2030,57,11,11,0.0
3084,h2_storage,2030,57,12,12,0.0
3085,h2_storage,2030,57,13,13,0.0
3086,h2_storage,2030,57,14,14,0.0
3087,h2_storage,2030,57,15,15,0.0
3088,h2_storage,2030,57,16,16,0.0
3089,h2_storage,2030,57,17,17,0.0
3090,h2_storage,2030,57,18,18,0.0
3091,h2_storage,2030,57,19,19,0.0
3092,h2_storage,2030,57,20,20,0.0
3093,h2_storage,2030,57,21,21,0.0
3094,h2_storage,2030,57,22,22,0.0
3095,h2_storage,2030,57,23,23,0.0
3096,h2_storage,2030,57,24,24,0.0
3097,h2_storage,2030,58,1,1,0.0
3098,h2_storage,2030,58,2,2,0.0
3099,h2_storage,2030,58,3,3,0.0
3100,h2_storage,2030,58,4,4,0.0
3101,h2_storage,2030,58,5,5,0.0
3102,h2_storage,2030,58,6,6,0.0
3103,h2_storage,2030,58,7,7,0.0
3104,h2_storage,2030,58,8,8,0.0
3105,h2_storage,2030,58,9,9,0.0
3106,h2_storage,2030,58,10,10,0.0
3107,h2_storage,2030,58,11,11,0.0
3108,h2_storage,2030,58,12,12,0.0
3109,h2_storage,2030,58,13,13,0.0
3110,h2_storage,2030,58,14,14,0.0
3111,h2_storage,2030,58,15,15,0.0
3112,h2_storage,2030,58,16,16,0.0
3113,h2_storage,2030,58,17,17,0.0
3114,h2_storage,2030,58,18,18,0.0
3115,h2_storage,2030,58,19,19,0.0
3116,h2_storage,2030,58,20,20,0.0
3117,h2_storage,2030,58,21,21,0.0
3118,h2_storage,2030,58,22,22,0.0
3119,h2_storage,2030,58,23,23,0.0
3120,h2_storage,2030,58,24,24,0.0
3121,h2_storage,2030,59,1,1,0.0
3122,h2_storage,2030,59,2,2,0.0
3123,h2_storage,2030,59,3,3,0.0
3124,h2_storage,2030,59,4,4,0.0
3125,h2_storage,2030,59,5,5,0.0
3126,h2_storage,2030,59,6,6,0.0
3127,h2_storage,2030,59,7,7,0.0
3128,h2_storage,2030,59,8,8,0.0
3129,h2_storage,2030,59,9,9,0.0
3130,h2_storage,2030,59,10,10,0.0
3131,h2_storage,2030,59,11,11,0.0
3132,h2_storage,2030,59,12,12,0.0
3133,h2_storage,2030,59,13,13,0.0
3134,h2_storage,2030,59,14,14,0.0
3135,h2_storage,2030,59,15,15,0.0
3136,h2_storage,2030,59,16,16,0.0
3137,h2_storage,2030,59,17,17,0.0
3138,h2_storage,2030,59,18,18,0.0
3139,h2_storage,2030,59,19,19,0.0
3140,h2_storage,2030,59,20,20,0.0
3141,h2_storage,2030,59,21,21,0.0
3142,h2_storage,2030,59,22,22,0.0
3143,h2_storage,2030,59,23,23,0.0
3144,h2_storage,2030,59,24,24,0.0
3145,h2_storage,2030,60,1,1,0.0
3146,h2_storage,2030,60,2,2,0.0
3147,h2_storage,2030,60,3,3,0.0
3148,h2_storage,2030,60,4,4,0.0
3149,h2_storage,2030,60,5,5,0.0
3150,h2_storage,2030,60,6,6,0.0
3151,h2_storage,2030,60,7,7,0.0
3152,h2_storage,2030,60,8,8,0.0
3153,h2_storage,2030,60,9,9,0.0
3154,h2_storage,2030,60,10,10,0.0
3155,h2_storage,2030,60,11,11,0.0
3156,h2_storage,2030,60,12,12,0.0
3157,h2_storage,2030,60,13,13,0.0
3158,h2_storage,2030,60,14,14,0.0
3159,h2_storage,2030,60,15,15,0.0
3160,h2_storage,2030,60,16,16,0.0
3161,h2_storage,2030,60,17,17,0.0
3162,h2_storage,2030,60,18,18,0.0
3163,h2_storage,2030,60,19,19,0.0
3164,h2_storage,2030,60,20,20,0.0
3165,h2_storage,2030,60,21,21,0.0
3166,h2_storage,2030,60,22,22,0.0
3167,h2_storage,2030,60,23,23,0.0
3168,h2_storage,2030,60,24,24,0.0
3169,h2_storage,2030,61,1,1,0.0
3170,h2_storage,2030,61,2,2,0.0
3171,h2_storage,2030,61,3,3,0.0
3172,h2_storage,2030,61,4,4,0.0
3173,h2_storage,2030,61,5,5,0.0
3174,h2_storage,2030,61,6,6,0.0
3175,h2_storage,2030,61,7,7,0.0
3176,h2_storage,2030,61,8,8,0.0
3177,h2_storage,2030,61,9,9,0.0
3178,h2_storage,2030,61,10,10,0.0
3179,h2_storage,2030,61,11,11,0.0
3180,h2_storage,2030,61,12,12,0.0
3181,h2_storage,2030,61,13,13,0.0
3182,h2_storage,2030,61,14,14,0.0
3183,h2_storage,2030,61,15,15,0.0
3184,h2_storage,2030,61,16,16,0.0
3185,h2_storage,2030,61,17,17,0.0
3186,h2_storage,2030,61,18,18,0.0
3187,h2_storage,2030,61,19,19,0.0
3188,h2_storage,2030,61,20,20,0.0
3189,h2_storage,2030,61,21,21,0.0
3190,h2_storage,2030,61,22,22,0.0
3191,h2_storage,2030,61,23,23,0.0
3192,h2_storage,2030,61,24,24,0.0
3193,h2_storage,2030,62,1,1,0.0
3194,h2_storage,2030,62,2,2,0.0
3195,h2_storage,2030,62,3,3,0.0
3196,h2_storage,2030,62,4,4,0.0
3197,h2_storage,2030,62,5,5,0.0
3198,h2_storage,2030,62,6,6,0.0
3199,h2_storage,2030,62,7,7,0.0
3200,h2_storage,2030,62,8,8,0.0
3201,h2_storage,2030,62,9,9,0.0
3202,h2_storage,2030,62,10,10,0.0
3203,h2_storage,2030,62,11,11,0.0
3204,h2_storage,2030,62,12,12,0.0
3205,h2_storage,2030,62,13,13,0.0
3206,h2_storage,2030,62,14,14,0.0
3207,h2_storage,2030,62,15,15,0.0
3208,h2_storage,2030,62,16,16,0.0
3209,h2_storage,2030,62,17,17,0.0
3210,h2_storage,2030,62,18,18,0.0
3211,h2_storage,2030,62,19,19,0.0
3212,h2_storage,2030,62,20,20,0.0
3213,h2_storage,2030,62,21,21,0.0
3214,h2_storage,2030,62,22,22,0.0
3215,h2_storage,2030,62,23,23,0.0
3216,h2_storage,2030,62,24,24,0.0
3217,h2_storage,2030,63,1,1,0.0
3218,h2_storage,2030,63,2,2,0.0
3219,h2_storage,2030,63,3,3,0.0
3220,h2_storage,2030,63,4,4,0.0
3221,h2_storage,2030,63,5,5,0.0
3222,h2_storage,2030,63,6,6,0.0
3223,h2_storage,2030,63,7,7,0.0
3224,h2_storage,2030,63,8,8,0.0
3225,h2_storage,2030,63,9,9,0.0
3226,h2_storage,2030,63,10,10,0.0
3227,h2_storage,2030,63,11,11,0.0
3228,h2_storage,2030,63,12,12,0.0
3229,h2_storage,2030,63,13,13,0.0
3230,h2_storage,2030,63,14,14,0.0
3231,h2_storage,2030,63,15,15,0.0
3232,h2_storage,2030,63,16,16,0.0
3233,h2_storage,2030,63,17,17,0.0
3234,h2_storage,2030,63,18,18,0.0
3235,h2_storage,2030,63,19,19,0.0
3236,h2_storage,2030,63,20,20,0.0
3237,h2_storage,2030,63,21,21,0.0
3238,h2_storage,2030,63,22,22,0.0
3239,h2_storage,2030,63,23,23,0.0
3240,h2_storage,2030,63,24,24,0.0
3241,h2_storage,2030,64,1,1,0.0
3242,h2_storage,2030,64,2,2,0.0
3243,h2_storage,2030,64,3,3,0.0
3244,h2_storage,2030,64,4,4,0.0
3245,h2_storage,2030,64,5,5,0.0
3246,h2_storage,2030,64,6,6,0.0
3247,h2_storage,2030,64,7,7,0.0
3248,h2_storage,2030,64,8,8,0.0
3249,h2_storage,2030,64,9,9,0.0
3250,h2_storage,2030,64,10,10,0.0
3251,h2_storage,2030,64,11,11,0.0
3252,h2_storage,2030,64,12,12,0.0
3253,h2_storage,2030,64,13,13,0.0
3254,h2_storage,2030,64,14,14,0.0
3255,h2_storage,2030,64,15,15,0.0
3256,h2_storage,2030,64,16,16,0.0
3257,h2_storage,2030,64,17,17,0.0
3258,h2_storage,2030,64,18,18,0.0
3259,h2_storage,2030,64,19,19,0.0
3260,h2_storage,2030,64,20,20,0.0
3261,h2_storage,2030,64,21,21,0.0
3262,h2_storage,2030,64,22,22,0.0
3263,h2_storage,2030,64,23,23,0.0
3264,h2_storage,2030,64,24,24,0.0
3265,h2_storage,2030,65,1,1,0.0
3266,h2_storage,2030,65,2,2,0.0
3267,h2_storage,2030,65,3,3,0.0
3268,h2_storage,2030,65,4,4,0.0
3269,h2_storage,2030,65,5,5,0.0
3270,h2_storage,2030,65,6,6,0.0
3271,h2_storage,2030,65,7,7,0.0
3272,h2_storage,2030,65,8,8,0.0
3273,h2_storage,2030,65,9,9,0.0
3274,h2_storage,2030,65,10,10,0.0
3275,h2_storage,2030,65,11,11,0.0
3276,h2_storage,2030,65,12,12,0.0
3277,h2_storage,2030,65,13,13,0.0
3278,h2_storage,2030,65,14,14,0.0
3279,h2_storage,2030,65,15,15,0.0
3280,h2_storage,2030,65,16,16,0.0
3281,h2_storage,2030,65,17,17,0.0
3282,h2_storage,2030,65,18,18,0.0
3283,h2_storage,2030,65,19,19,0.0
3284,h2_storage,2030,65,20,20,0.0
3285,h2_storage,2030,65,21,21,0.0
3286,h2_storage,2030,65,22,22,0.0
3287,h2_storage,2030,65,23,23,0.0
3288,h2_storage,2030,65,24,24,0.0
3289,h2_storage,2030,66,1,1,0.0
3290,h2_storage,2030,66,2,2,0.0
3291,h2_storage,2030,66,3,3,0.0
3292,h2_storage,2030,66,4,4,0.0
3293,h2_storage,2030,66,5,5,0.0
3294,h2_storage,2030,66,6,6,0.0
3295,h2_storage,2030,66,7,7,0.0
3296,h2_storage,2030,66,8,8,0.0
3297,h2_storage,2030,66,9,9,0.0
3298,h2_storage,2030,66,10,10,0.0
3299,h2_storage,2030,66,11,11,0.0
3300,h2_storage,2030,66,12,12,0.0
3301,h2_storage,2030,66,13,13,0.0
3302,h2_storage,2030,66,14,14,0.0
3303,h2_storage,2030,66,15,15,0.0
3304,h2_storage,2030,66,16,16,0.0
3305,h2_storage,2030,66,17,17,0.0
3306,h2_storage,2030,66,18,18,0.0
3307,h2_storage,2030,66,19,19,0.0
3308,h2_storage,2030,66,20,20,0.0
3309,h2_storage,2030,66,21,21,0.0
3310,h2_storage,2030,66,22,22,0.0
3311,h2_storage,2030,66,23,23,0.0
3312,h2_storage,2030,66,24,24,0.0
3313,h2_storage,2030,67,1,1,0.0
3314,h2_storage,2030,67,2,2,0.0
3315,h2_storage,2030,67,3,3,0.0
3316,h2_storage,2030,67,4,4,0.0
3317,h2_storage,2030,67,5,5,0.0
3318,h2_storage,2030,67,6,6,0.0
3319,h2_storage,2030,67,7,7,0.0
3320,h2_storage,2030,67,8,8,0.0
3321,h2_storage,2030,67,9,9,0.0
3322,h2_storage,2030,67,10,10,0.0
3323,h2_storage,2030,67,11,11,0.0
3324,h2_storage,2030,67,12,12,0.0
3325,h2_storage,2030,67,13,13,0.0
3326,h2_storage,2030,67,14,14,0.0
3327,h2_storage,2030,67,15,15,0.0
3328,h2_storage,2030,67,16,16,0.0
3329,h2_storage,2030,67,17,17,0.0
3330,h2_storage,2030,67,18,18,0.0
3331,h2_storage,2030,67,19,19,0.0
3332,h2_storage,2030,67,20,20,0.0
3333,h2_storage,2030,67,21,21,0.0
3334,h2_storage,2030,67,22,22,0.0
3335,h2_storage,2030,67,23,23,0.0
3336,h2_storage,2030,67,24,24,0.0
3337,h2_storage,2030,68,1,1,0.0
3338,h2_storage,2030,68,2,2,0.0
3339,h2_storage,2030,68,3,3,0.0
3340,h2_storage,2030,68,4,4,0.0
3341,h2_storage,2030,68,5,5,0.0
3342,h2_storage,2030,68,6,6,0.0
3343,h2_storage,2030,68,7,7,0.0
3344,h2_storage,2030,68,8,8,0.0
3345,h2_storage,2030,68,9,9,0.0
3346,h2_storage,2030,68,10,10,0.0
3347,h2_storage,2030,68,11,11,0.0
3348,h2_storage,2030,68,12,12,0.0
3349,h2_storage,2030,68,13,13,0.0
3350,h2_storage,2030,68,14,14,0.0
3351,h2_storage,2030,68,15,15,0.0
3352,h2_storage,2030,68,16,16,0.0
3353,h2_storage,2030,68,17,17,0.0
3354,h2_storage,2030,68,18,18,0.0
3355,h2_storage,2030,68,19,19,0.0
3356,h2_storage,2030,68,20,20,0.0
3357,h2_storage,2030,68,21,21,0.0
3358,h2_storage,2030,68,22,22,0.0
3359,h2_storage,2030,68,23,23,0.0
3360,h2_storage,2030,68,24,24,0.0
3361,h2_storage,2030,69,1,1,0.0
3362,h2_storage,2030,69,2,2,0.0
3363,h2_storage,2030,69,3,3,0.0
3364,h2_storage,2030,69,4,4,0.0
3365,h2_storage,2030,69,5,5,0.0
3366,h2_storage,2030,69,6,6,0.0
3367,h2_storage,2030,69,7,7,0.0
3368,h2_storage,2030,69,8,8,0.0
3369,h2_storage,2030,69,9,9,0.0
3370,h2_storage,2030,69,10,10,0.0
3371,h2_storage,2030,69,11,11,0.0
3372,h2_storage,2030,69,12,12,0.0
3373,h2_storage,2030,69,13,13,0.0
3374,h2_storage,2030,69,14,14,0.0
3375,h2_storage,2030,69,15,15,0.0
3376,h2_storage,2030,69,16,16,0.0
3377,h2_storage,2030,69,17,17,0.0
3378,h2_storage,2030,69,18,18,0.0
3379,h2_storage,2030,69,19,19,0.0
3380,h2_storage,2030,69,20,20,0.0
3381,h2_storage,2030,69,21,21,0.0
3382,h2_storage,2030,69,22,22,0.0
3383,h2_storage,2030,69,23,23,0.0
3384,h2_storage,2030,69,24,24,0.0
3385,h2_storage,2030,70,1,1,0.0
3386,h2_storage,2030,70,2,2,0.0
3387,h2_storage,2030,70,3,3,0.0
3388,h2_storage,2030,70,4,4,0.0
3389,h2_storage,2030,70,5,5,0.0
3390,h2_storage,2030,70,6,6,0.0
3391,h2_storage,2030,70,7,7,0.0
3392,h2_storage,2030,70,8,8,0.0
3393,h2_storage,2030,70,9,9,0.0
3394,h2_storage,2030,70,10,10,0.0
3395,h2_storage,2030,70,11,11,0.0
3396,h2_storage,2030,70,12,12,0.0
3397,h2_storage,2030,70,13,13,0.0
3398,h2_storage,2030,70,14,14,0.0
3399,h2_storage,2030,70,15,15,0.0
3400,h2_storage,2030,70,16,16,0.0
3401,h2_storage,2030,70,17,17,0.0
3402,h2_storage,2030,70,18,18,0.0
3403,h2_storage,2030,70,19,19,0.0
3404,h2_storage,2030,70,20,20,0.0
3405,h2_storage,2030,70,21,21,0.0
3406,h2_storage,2030,70,22,22,0.0
3407,h2_storage,2030,70,23,23,0.0
3408,h2_storage,2030,70,24,24,0.0
3409,h2_storage,2030,71,1,1,0.0
3410,h2_storage,2030,71,2,2,0.0
3411,h2_storage,2030,71,3,3,0.0
3412,h2_storage,2030,71,4,4,0.0
3413,h2_storage,2030,71,5,5,0.0
3414,h2_storage,2030,71,6,6,0.0
3415,h2_storage,2030,71,7,7,0.0
3416,h2_storage,2030,71,8,8,0.0
3417,h2_storage,2030,71,9,9,0.0
3418,h2_storage,2030,71,10,10,0.0
3419,h2_storage,2030,71,11,11,0.0
3420,h2_storage,2030,71,12,12,0.0
3421,h2_storage,2030,71,13,13,0.0
3422,h2_storage,2030,71,14,14,0.0
3423,h2_storage,2030,71,15,15,0.0
3424,h2_storage,2030,71,16,16,0.0
3425,h2_storage,2030,71,17,17,0.0
3426,h2_storage,2030,71,18,18,0.0
3427,h2_storage,2030,71,19,19,0.0
3428,h2_storage,2030,71,20,20,0.0
3429,h2_storage,2030,71,21,21,0.0
3430,h2_storage,2030,71,22,22,0.0
3431,h2_storage,2030,71,23,23,0.0
3432,h2_storage,2030,71,24,24,0.0
3433,h2_storage,2030,72,1,1,0.0
3434,h2_storage,2030,72,2,2,0.0
3435,h2_storage,2030,72,3,3,0.0
3436,h2_storage,2030,72,4,4,0.0
3437,h2_storage,2030,72,5,5,0.0
3438,h2_storage,2030,72,6,6,0.0
3439,h2_storage,2030,72,7,7,0.0
3440,h2_storage,2030,72,8,8,0.0
3441,h2_storage,2030,72,9,9,0.0
3442,h2_storage,2030,72,10,10,0.0
3443,h2_storage,2030,72,11,11,0.0
3444,h2_storage,2030,72,12,12,0.0
3445,h2_storage,2030,72,13,13,0.0
3446,h2_storage,2030,72,14,14,0.0
3447,h2_storage,2030,72,15,15,0.0
3448,h2_storage,2030,72,16,16,0.0
3449,h2_storage,2030,72,17,17,0.0
3450,h2_storage,2030,72,18,18,0.0
3451,h2_storage,2030,72,19,19,0.0
3452,h2_storage,2030,72,20,20,0.0
3453,h2_storage,2030,72,21,21,0.0
3454,h2_storage,2030,72,22,22,0.0
3455,h2_storage,2030,72,23,23,0.0
3456,h2_storage,2030,72,24,24,0.0
3457,hydro_reservoir,2030,1,1,1,0.0
3458,hydro_reservoir,2030,1,2,2,0.0
3459,hydro_reservoir,2030,1,3,3,0.0
3460,hydro_reservoir,2030,1,4,4,0.0
3461,hydro_reservoir,2030,1,5,5,0.0
3462,hydro_reservoir,2030,1,6,6,0.0
3463,hydro_reservoir,2030,1,7,7,0.0
3464,hydro_reservoir,2030,1,8,8,0.0
3465,hydro_reservoir,2030,1,9,9,0.0
3466,hydro_reservoir,2030,1,10,10,0.0
3467,hydro_reservoir,2030,1,11,11,0.0
3468,hydro_reservoir,2030,1,12,12,0.0
3469,hydro_reservoir,2030,1,13,13,0.0
3470,hydro_reservoir,2030,1,14,14,0.0
3471,hydro_reservoir,2030,1,15,15,0.0
3472,hydro_reservoir,2030,1,16,16,0.0
3473,hydro_reservoir,2030,1,17,17,0.0
3474,hydro_reservoir,2030,1,18,18,0.0
3475,hydro_reservoir,2030,1,19,19,0.0
3476,hydro_reservoir,2030,1,20,20,0.0
3477,hydro_reservoir,2030,1,21,21,0.0
3478,hydro_reservoir,2030,1,22,22,0.0
3479,hydro_reservoir,2030,1,23,23,0.0
3480,hydro_reservoir,2030,1,24,24,0.0
3481,hydro_reservoir,2030,2,1,1,0.0
3482,hydro_reservoir,2030,2,2,2,0.0
3483,hydro_reservoir,2030,2,3,3,0.0
3484,hydro_reservoir,2030,2,4,4,0.0
3485,hydro_reservoir,2030,2,5,5,0.0
3486,hydro_reservoir,2030,2,6,6,0.0
3487,hydro_reservoir,2030,2,7,7,0.0
3488,hydro_reservoir,2030,2,8,8,0.0
3489,hydro_reservoir,2030,2,9,9,0.0
3490,hydro_reservoir,2030,2,10,10,0.0
3491,hydro_reservoir,2030,2,11,11,0.0
3492,hydro_reservoir,2030,2,12,12,0.0
3493,hydro_reservoir,2030,2,13,13,0.0
3494,hydro_reservoir,2030,2,14,14,0.0
3495,hydro_reservoir,2030,2,15,15,0.0
3496,hydro_reservoir,2030,2,16,16,0.0
3497,hydro_reservoir,2030,2,17,17,0.0
3498,hydro_reservoir,2030,2,18,18,0.0
3499,hydro_reservoir,2030,2,19,19,0.0
3500,hydro_reservoir,2030,2,20,20,0.0
3501,hydro_reservoir,2030,2,21,21,0.0
3502,hydro_reservoir,2030,2,22,22,0.0
3503,hydro_reservoir,2030,2,23,23,0.0
3504,hydro_reservoir,2030,2,24,24,0.0
3505,hydro_reservoir,2030,3,1,1,0.0
3506,hydro_reservoir,2030,3,2,2,0.0
3507,hydro_reservoir,2030,3,3,3,0.0
3508,hydro_reservoir,2030,3,4,4,0.0
3509,hydro_reservoir,2030,3,5,5,0.0
3510,hydro_reservoir,2030,3,6,6,0.0
3511,hydro_reservoir,2030,3,7,7,0.0
3512,hydro_reservoir,2030,3,8,8,0.0
3513,hydro_reservoir,2030,3,9,9,0.0
3514,hydro_reservoir,2030,3,10,10,0.0
3515,hydro_reservoir,2030,3,11,11,0.0
3516,hydro_reservoir,2030,3,12,12,0.0
3517,hydro_reservoir,2030,3,13,13,0.0
3518,hydro_reservoir,2030,3,14,14,0.0
3519,hydro_reservoir,2030,3,15,15,0.0
3520,hydro_reservoir,2030,3,16,16,0.0
3521,hydro_reservoir,2030,3,17,17,0.0
3522,hydro_reservoir,2030,3,18,18,0.0
3523,hydro_reservoir,2030,3,19,19,0.0
3524,hydro_reservoir,2030,3,20,20,0.0
3525,hydro_reservoir,2030,3,21,21,0.0
3526,hydro_reservoir,2030,3,22,22,0.0
3527,hydro_reservoir,2030,3,23,23,0.0
3528,hydro_reservoir,2030,3,24,24,0.0
3529,hydro_reservoir,2030,4,1,1,0.0
3530,hydro_reservoir,2030,4,2,2,0.0
3531,hydro_reservoir,2030,4,3,3,0.0
3532,hydro_reservoir,2030,4,4,4,0.0
3533,hydro_reservoir,2030,4,5,5,0.0
3534,hydro_reservoir,2030,4,6,6,0.0
3535,hydro_reservoir,2030,4,7,7,0.0
3536,hydro_reservoir,2030,4,8,8,0.0
3537,hydro_reservoir,2030,4,9,9,0.0
3538,hydro_reservoir,2030,4,10,10,0.0
3539,hydro_reservoir,2030,4,11,11,0.0
3540,hydro_reservoir,2030,4,12,12,0.0
3541,hydro_reservoir,2030,4,13,13,0.0
3542,hydro_reservoir,2030,4,14,14,0.0
3543,hydro_reservoir,2030,4,15,15,0.0
3544,hydro_reservoir,2030,4,16,16,0.0
3545,hydro_reservoir,2030,4,17,17,0.0
3546,hydro_reservoir,2030,4,18,18,0.0
3547,hydro_reservoir,2030,4,19,19,0.0
3548,hydro_reservoir,2030,4,20,20,0.0
3549,hydro_reservoir,2030,4,21,21,0.0
3550,hydro_reservoir,2030,4,22,22,0.0
3551,hydro_reservoir,2030,4,23,23,0.0
3552,hydro_reservoir,2030,4,24,24,0.0
3553,hydro_reservoir,2030,5,1,1,0.0
3554,hydro_reservoir,2030,5,2,2,0.0
3555,hydro_reservoir,2030,5,3,3,0.0
3556,hydro_reservoir,2030,5,4,4,0.0
3557,hydro_reservoir,2030,5,5,5,0.0
3558,hydro_reservoir,2030,5,6,6,0.0
3559,hydro_reservoir,2030,5,7,7,0.0
3560,hydro_reservoir,2030,5,8,8,0.0
3561,hydro_reservoir,2030,5,9,9,0.0
3562,hydro_reservoir,2030,5,10,10,0.0
3563,hydro_reservoir,2030,5,11,11,0.0
3564,hydro_reservoir,2030,5,12,12,0.0
3565,hydro_reservoir,2030,5,13,13,0.0
3566,hydro_reservoir,2030,5,14,14,0.0
3567,hydro_reservoir,2030,5,15,15,0.0
3568,hydro_reservoir,2030,5,16,16,0.0
3569,hydro_reservoir,2030,5,17,17,0.0
3570,hydro_reservoir,2030,5,18,18,0.0
3571,hydro_reservoir,2030,5,19,19,0.0
3572,hydro_reservoir,2030,5,20,20,0.0
3573,hydro_reservoir,2030,5,21,21,0.0
3574,hydro_reservoir,2030,5,22,22,0.0
3575,hydro_reservoir,2030,5,23,23,0.0
3576,hydro_reservoir,2030,5,24,24,0.0
3577,hydro_reservoir,2030,6,1,1,0.0
3578,hydro_reservoir,2030,6,2,2,0.0
3579,hydro_reservoir,2030,6,3,3,0.0
3580,hydro_reservoir,2030,6,4,4,0.0
3581,hydro_reservoir,2030,6,5,5,0.0
3582,hydro_reservoir,2030,6,6,6,0.0
3583,hydro_reservoir,2030,6,7,7,0.0
3584,hydro_reservoir,2030,6,8,8,0.0
3585,hydro_reservoir,2030,6,9,9,0.0
3586,hydro_reservoir,2030,6,10,10,0.0
3587,hydro_reservoir,2030,6,11,11,0.0
3588,hydro_reservoir,2030,6,12,12,0.0
3589,hydro_reservoir,2030,6,13,13,0.0
3590,hydro_reservoir,2030,6,14,14,0.0
3591,hydro_reservoir,2030,6,15,15,0.0
3592,hydro_reservoir,2030,6,16,16,0.0
3593,hydro_reservoir,2030,6,17,17,0.0
3594,hydro_reservoir,2030,6,18,18,0.0
3595,hydro_reservoir,2030,6,19,19,0.0
3596,hydro_reservoir,2030,6,20,20,0.0
3597,hydro_reservoir,2030,6,21,21,0.0
3598,hydro_reservoir,2030,6,22,22,0.0
3599,hydro_reservoir,2030,6,23,23,0.0
3600,hydro_reservoir,2030,6,24,24,0.0
3601,hydro_reservoir,2030,7,1,1,0.0
3602,hydro_reservoir,2030,7,2,2,0.0
3603,hydro_reservoir,2030,7,3,3,0.0
3604,hydro_reservoir,2030,7,4,4,0.0
3605,hydro_reservoir,2030,7,5,5,0.0
3606,hydro_reservoir,2030,7,6,6,0.0
3607,hydro_reservoir,2030,7,7,7,0.0
3608,hydro_reservoir,2030,7,8,8,0.0
3609,hydro_reservoir,2030,7,9,9,0.0
3610,hydro_reservoir,2030,7,10,10,0.0
3611,hydro_reservoir,2030,7,11,11,0.0
3612,hydro_reservoir,2030,7,12,12,0.0
3613,hydro_reservoir,2030,7,13,13,0.0
3614,hydro_reservoir,2030,7,14,14,0.0
3615,hydro_reservoir,2030,7,15,15,0.0
3616,hydro_reservoir,2030,7,16,16,0.0
3617,hydro_reservoir,2030,7,17,17,0.0
3618,hydro_reservoir,2030,7,18,18,0.0
3619,hydro_reservoir,2030,7,19,19,0.0
3620,hydro_reservoir,2030,7,20,20,0.0
3621,hydro_reservoir,2030,7,21,21,0.0
3622,hydro_reservoir,2030,7,22,22,0.0
3623,hydro_reservoir,2030,7,23,23,0.0
3624,hydro_reservoir,2030,7,24,24,0.0
3625,hydro_reservoir,2030,8,1,1,0.0
3626,hydro_reservoir,2030,8,2,2,0.0
3627,hydro_reservoir,2030,8,3,3,0.0
3628,hydro_reservoir,2030,8,4,4,0.0
3629,hydro_reservoir,2030,8,5,5,0.0
3630,hydro_reservoir,2030,8,6,6,0.0
3631,hydro_reservoir,2030,8,7,7,0.0
3632,hydro_reservoir,2030,8,8,8,0.0
3633,hydro_reservoir,2030,8,9,9,0.0
3634,hydro_reservoir,2030,8,10,10,0.0
3635,hydro_reservoir,2030,8,11,11,0.0
3636,hydro_reservoir,2030,8,12,12,0.0
3637,hydro_reservoir,2030,8,13,13,0.0
3638,hydro_reservoir,2030,8,14,14,0.0
3639,hydro_reservoir,2030,8,15,15,0.0
3640,hydro_reservoir,2030,8,16,16,0.0
3641,hydro_reservoir,2030,8,17,17,0.0
3642,hydro_reservoir,2030,8,18,18,0.0
3643,hydro_reservoir,2030,8,19,19,0.0
3644,hydro_reservoir,2030,8,20,20,0.0
3645,hydro_reservoir,2030,8,21,21,0.0
3646,hydro_reservoir,2030,8,22,22,0.0
3647,hydro_reservoir,2030,8,23,23,0.0
3648,hydro_reservoir,2030,8,24,24,0.0
3649,hydro_reservoir,2030,9,1,1,0.0
3650,hydro_reservoir,2030,9,2,2,0.0
3651,hydro_reservoir,2030,9,3,3,0.0
3652,hydro_reservoir,2030,9,4,4,0.0
3653,hydro_reservoir,2030,9,5,5,0.0
3654,hydro_reservoir,2030,9,6,6,0.0
3655,hydro_reservoir,2030,9,7,7,0.0
3656,hydro_reservoir,2030,9,8,8,0.0
3657,hydro_reservoir,2030,9,9,9,0.0
3658,hydro_reservoir,2030,9,10,10,0.0
3659,hydro_reservoir,2030,9,11,11,0.0
3660,hydro_reservoir,2030,9,12,12,0.0
3661,hydro_reservoir,2030,9,13,13,0.0
3662,hydro_reservoir,2030,9,14,14,0.0
3663,hydro_reservoir,2030,9,15,15,0.0
3664,hydro_reservoir,2030,9,16,16,0.0
3665,hydro_reservoir,2030,9,17,17,0.0
3666,hydro_reservoir,2030,9,18,18,0.0
3667,hydro_reservoir,2030,9,19,19,0.0
3668,hydro_reservoir,2030,9,20,20,0.0
3669,hydro_reservoir,2030,9,21,21,0.0
3670,hydro_reservoir,2030,9,22,22,0.0
3671,hydro_reservoir,2030,9,23,23,0.0
3672,hydro_reservoir,2030,9,24,24,0.0
3673,hydro_reservoir,2030,10,1,1,0.0
3674,hydro_reservoir,2030,10,2,2,0.0
3675,hydro_reservoir,2030,10,3,3,0.0
3676,hydro_reservoir,2030,10,4,4,0.0
3677,hydro_reservoir,2030,10,5,5,0.0
3678,hydro_reservoir,2030,10,6,6,0.0
3679,hydro_reservoir,2030,10,7,7,0.0
3680,hydro_reservoir,2030,10,8,8,0.0
3681,hydro_reservoir,2030,10,9,9,0.0
3682,hydro_reservoir,2030,10,10,10,0.0
3683,hydro_reservoir,2030,10,11,11,0.0
3684,hydro_reservoir,2030,10,12,12,0.0
3685,hydro_reservoir,2030,10,13,13,0.0
3686,hydro_reservoir,2030,10,14,14,0.0
3687,hydro_reservoir,2030,10,15,15,0.0
3688,hydro_reservoir,2030,10,16,16,0.0
3689,hydro_reservoir,2030,10,17,17,0.0
3690,hydro_reservoir,2030,10,18,18,0.0
3691,hydro_reservoir,2030,10,19,19,0.0
3692,hydro_reservoir,2030,10,20,20,0.0
3693,hydro_reservoir,2030,10,21,21,0.0
3694,hydro_reservoir,2030,10,22,22,0.0
3695,hydro_reservoir,2030,10,23,23,0.0
3696,hydro_reservoir,2030,10,24,24,0.0
3697,hydro_reservoir,2030,11,1,1,0.0
3698,hydro_reservoir,2030,11,2,2,0.0
3699,hydro_reservoir,2030,11,3,3,0.0
3700,hydro_reservoir,2030,11,4,4,0.0
3701,hydro_reservoir,2030,11,5,5,0.0
3702,hydro_reservoir,2030,11,6,6,0.0
3703,hydro_reservoir,2030,11,7,7,0.0
3704,hydro_reservoir,2030,11,8,8,0.0
3705,hydro_reservoir,2030,11,9,9,0.0
3706,hydro_reservoir,2030,11,10,10,0.0
3707,hydro_reservoir,2030,11,11,11,0.0
3708,hydro_reservoir,2030,11,12,12,0.0
3709,hydro_reservoir,2030,11,13,13,0.0
3710,hydro_reservoir,2030,11,14,14,0.0
3711,hydro_reservoir,2030,11,15,15,0.0
3712,hydro_reservoir,2030,11,16,16,0.0
3713,hydro_reservoir,2030,11,17,17,0.0
3714,hydro_reservoir,2030,11,18,18,0.0
3715,hydro_reservoir,2030,11,19,19,0.0
3716,hydro_reservoir,2030,11,20,20,0.0
3717,hydro_reservoir,2030,11,21,21,0.0
3718,hydro_reservoir,2030,11,22,22,0.0
3719,hydro_reservoir,2030,11,23,23,0.0
3720,hydro_reservoir,2030,11,24,24,0.0
3721,hydro_reservoir,2030,12,1,1,0.0
3722,hydro_reservoir,2030,12,2,2,0.0
3723,hydro_reservoir,2030,12,3,3,0.0
3724,hydro_reservoir,2030,12,4,4,0.0
3725,hydro_reservoir,2030,12,5,5,0.0
3726,hydro_reservoir,2030,12,6,6,0.0
3727,hydro_reservoir,2030,12,7,7,0.0
3728,hydro_reservoir,2030,12,8,8,0.0
3729,hydro_reservoir,2030,12,9,9,0.0
3730,hydro_reservoir,2030,12,10,10,0.0
3731,hydro_reservoir,2030,12,11,11,0.0
3732,hydro_reservoir,2030,12,12,12,0.0
3733,hydro_reservoir,2030,12,13,13,0.0
3734,hydro_reservoir,2030,12,14,14,0.0
3735,hydro_reservoir,2030,12,15,15,0.0
3736,hydro_reservoir,2030,12,16,16,0.0
3737,hydro_reservoir,2030,12,17,17,0.0
3738,hydro_reservoir,2030,12,18,18,0.0
3739,hydro_reservoir,2030,12,19,19,0.0
3740,hydro_reservoir,2030,12,20,20,0.0
3741,hydro_reservoir,2030,12,21,21,0.0
3742,hydro_reservoir,2030,12,22,22,0.0
3743,hydro_reservoir,2030,12,23,23,0.0
3744,hydro_reservoir,2030,12,24,24,0.0
3745,hydro_reservoir,2030,13,1,1,0.0
3746,hydro_reservoir,2030,13,2,2,0.0
3747,hydro_reservoir,2030,13,3,3,0.0
3748,hydro_reservoir,2030,13,4,4,0.0
3749,hydro_reservoir,2030,13,5,5,0.0
3750,hydro_reservoir,2030,13,6,6,0.0
3751,hydro_reservoir,2030,13,7,7,0.0
3752,hydro_reservoir,2030,13,8,8,0.0
3753,hydro_reservoir,2030,13,9,9,0.0
3754,hydro_reservoir,2030,13,10,10,0.0
3755,hydro_reservoir,2030,13,11,11,0.0
3756,hydro_reservoir,2030,13,12,12,0.0
3757,hydro_reservoir,2030,13,13,13,0.0
3758,hydro_reservoir,2030,13,14,14,0.0
3759,hydro_reservoir,2030,13,15,15,0.0
3760,hydro_reservoir,2030,13,16,16,0.0
3761,hydro_reservoir,2030,13,17,17,0.0
3762,hydro_reservoir,2030,13,18,18,0.0
3763,hydro_reservoir,2030,13,19,19,0.0
3764,hydro_reservoir,2030,13,20,20,0.0
3765,hydro_reservoir,2030,13,21,21,0.0
3766,hydro_reservoir,2030,13,22,22,0.0
3767,hydro_reservoir,2030,13,23,23,0.0
3768,hydro_reservoir,2030,13,24,24,0.0
3769,hydro_reservoir,2030,14,1,1,0.0
3770,hydro_reservoir,2030,14,2,2,0.0
3771,hydro_reservoir,2030,14,3,3,0.0
3772,hydro_reservoir,2030,14,4,4,0.0
3773,hydro_reservoir,2030,14,5,5,0.0
3774,hydro_reservoir,2030,14,6,6,0.0
3775,hydro_reservoir,2030,14,7,7,0.0
3776,hydro_reservoir,2030,14,8,8,0.0
3777,hydro_reservoir,2030,14,9,9,0.0
3778,hydro_reservoir,2030,14,10,10,0.0
3779,hydro_reservoir,2030,14,11,11,0.0
3780,hydro_reservoir,2030,14,12,12,0.0
3781,hydro_reservoir,2030,14,13,13,0.0
3782,hydro_reservoir,2030,14,14,14,0.0
3783,hydro_reservoir,2030,14,15,15,0.0
3784,hydro_reservoir,2030,14,16,16,0.0
3785,hydro_reservoir,2030,14,17,17,0.0
3786,hydro_reservoir,2030,14,18,18,0.0
3787,hydro_reservoir,2030,14,19,19,0.0
3788,hydro_reservoir,2030,14,20,20,0.0
3789,hydro_reservoir,2030,14,21,21,0.0
3790,hydro_reservoir,2030,14,22,22,0.0
3791,hydro_reservoir,2030,14,23,23,0.0
3792,hydro_reservoir,2030,14,24,24,0.0
3793,hydro_reservoir,2030,15,1,1,0.0
3794,hydro_reservoir,2030,15,2,2,0.0
3795,hydro_reservoir,2030,15,3,3,0.0
3796,hydro_reservoir,2030,15,4,4,0.0
3797,hydro_reservoir,2030,15,5,5,0.0
3798,hydro_reservoir,2030,15,6,6,0.0
3799,hydro_reservoir,2030,15,7,7,0.0
3800,hydro_reservoir,2030,15,8,8,0.0
3801,hydro_reservoir,2030,15,9,9,0.0
3802,hydro_reservoir,2030,15,10,10,0.0
3803,hydro_reservoir,2030,15,11,11,0.0
3804,hydro_reservoir,2030,15,12,12,0.0
3805,hydro_reservoir,2030,15,13,13,0.0
3806,hydro_reservoir,2030,15,14,14,0.0
3807,hydro_reservoir,2030,15,15,15,0.0
3808,hydro_reservoir,2030,15,16,16,0.0
3809,hydro_reservoir,2030,15,17,17,0.0
3810,hydro_reservoir,2030,15,18,18,0.0
3811,hydro_reservoir,2030,15,19,19,0.0
3812,hydro_reservoir,2030,15,20,20,0.0
3813,hydro_reservoir,2030,15,21,21,0.0
3814,hydro_reservoir,2030,15,22,22,0.0
3815,hydro_reservoir,2030,15,23,23,0.0
3816,hydro_reservoir,2030,15,24,24,0.0
3817,hydro_reservoir,2030,16,1,1,0.0
3818,hydro_reservoir,2030,16,2,2,0.0
3819,hydro_reservoir,2030,16,3,3,0.0
3820,hydro_reservoir,2030,16,4,4,0.0
3821,hydro_reservoir,2030,16,5,5,0.0
3822,hydro_reservoir,2030,16,6,6,0.0
3823,hydro_reservoir,2030,16,7,7,0.0
3824,hydro_reservoir,2030,16,8,8,0.0
3825,hydro_reservoir,2030,16,9,9,0.0
3826,hydro_reservoir,2030,16,10,10,0.0
3827,hydro_reservoir,2030,16,11,11,0.0
3828,hydro_reservoir,2030,16,12,12,0.0
3829,hydro_reservoir,2030,16,13,13,0.0
3830,hydro_reservoir,2030,16,14,14,0.0
3831,hydro_reservoir,2030,16,15,15,0.0
3832,hydro_reservoir,2030,16,16,16,0.0
3833,hydro_reservoir,2030,16,17,17,0.0
3834,hydro_reservoir,2030,16,18,18,0.0
3835,hydro_reservoir,2030,16,19,19,0.0
3836,hydro_reservoir,2030,16,20,20,0.0
3837,hydro_reservoir,2030,16,21,21,0.0
3838,hydro_reservoir,2030,16,22,22,0.0
3839,hydro_reservoir,2030,16,23,23,0.0
3840,hydro_reservoir,2030,16,24,24,0.0
3841,hydro_reservoir,2030,17,1,1,0.0
3842,hydro_reservoir,2030,17,2,2,0.0
3843,hydro_reservoir,2030,17,3,3,0.0
3844,hydro_reservoir,2030,17,4,4,0.0
3845,hydro_reservoir,2030,17,5,5,0.0
3846,hydro_reservoir,2030,17,6,6,0.0
3847,hydro_reservoir,2030,17,7,7,0.0
3848,hydro_reservoir,2030,17,8,8,0.0
3849,hydro_reservoir,2030,17,9,9,0.0
3850,hydro_reservoir,2030,17,10,10,0.0
3851,hydro_reservoir,2030,17,11,11,0.0
3852,hydro_reservoir,2030,17,12,12,0.0
3853,hydro_reservoir,2030,17,13,13,0.0
3854,hydro_reservoir,2030,17,14,14,0.0
3855,hydro_reservoir,2030,17,15,15,0.0
3856,hydro_reservoir,2030,17,16,16,0.0
3857,hydro_reservoir,2030,17,17,17,0.0
3858,hydro_reservoir,2030,17,18,18,0.0
3859,hydro_reservoir,2030,17,19,19,0.0
3860,hydro_reservoir,2030,17,20,20,0.0
3861,hydro_reservoir,2030,17,21,21,0.0
3862,hydro_reservoir,2030,17,22,22,0.0
3863,hydro_reservoir,2030,17,23,23,0.0
3864,hydro_reservoir,2030,17,24,24,0.0
3865,hydro_reservoir,2030,18,1,1,0.0
3866,hydro_reservoir,2030,18,2,2,0.0
3867,hydro_reservoir,2030,18,3,3,0.0
3868,hydro_reservoir,2030,18,4,4,0.0
3869,hydro_reservoir,2030,18,5,5,0.0
3870,hydro_reservoir,2030,18,6,6,0.0
3871,hydro_reservoir,2030,18,7,7,0.0
3872,hydro_reservoir,2030,18,8,8,0.0
3873,hydro_reservoir,2030,18,9,9,0.0
3874,hydro_reservoir,2030,18,10,10,0.0
3875,hydro_reservoir,2030,18,11,11,0.0
3876,hydro_reservoir,2030,18,12,12,0.0
3877,hydro_reservoir,2030,18,13,13,0.0
3878,hydro_reservoir,2030,18,14,14,0.0
3879,hydro_reservoir,2030,18,15,15,0.0
3880,hydro_reservoir,2030,18,16,16,0.0
3881,hydro_reservoir,2030,18,17,17,0.0
3882,hydro_reservoir,2030,18,18,18,0.0
3883,hydro_reservoir,2030,18,19,19,0.0
3884,hydro_reservoir,2030,18,20,20,0.0
3885,hydro_reservoir,2030,18,21,21,0.0
3886,hydro_reservoir,2030,18,22,22,0.0
3887,hydro_reservoir,2030,18,23,23,0.0
3888,hydro_reservoir,2030,18,24,24,0.0
3889,hydro_reservoir,2030,19,1,1,0.0
3890,hydro_reservoir,2030,19,2,2,0.0
3891,hydro_reservoir,2030,19,3,3,0.0
3892,hydro_reservoir,2030,19,4,4,0.0
3893,hydro_reservoir,2030,19,5,5,0.0
3894,hydro_reservoir,2030,19,6,6,0.0
3895,hydro_reservoir,2030,19,7,7,0.0
3896,hydro_reservoir,2030,19,8,8,0.0
3897,hydro_reservoir,2030,19,9,9,0.0
3898,hydro_reservoir,2030,19,10,10,0.0
3899,hydro_reservoir,2030,19,11,11,0.0
3900,hydro_reservoir,2030,19,12,12,0.0
3901,hydro_reservoir,2030,19,13,13,0.0
3902,hydro_reservoir,2030,19,14,14,0.0
3903,hydro_reservoir,2030,19,15,15,0.0
3904,hydro_reservoir,2030,19,16,16,0.0
3905,hydro_reservoir,2030,19,17,17,0.0
3906,hydro_reservoir,2030,19,18,18,0.0
3907,hydro_reservoir,2030,19,19,19,0.0
3908,hydro_reservoir,2030,19,20,20,0.0
3909,hydro_reservoir,2030,19,21,21,0.0
3910,hydro_reservoir,2030,19,22,22,0.0
3911,hydro_reservoir,2030,19,23,23,0.0
3912,hydro_reservoir,2030,19,24,24,0.0
3913,hydro_reservoir,2030,20,1,1,0.0
3914,hydro_reservoir,2030,20,2,2,0.0
3915,hydro_reservoir,2030,20,3,3,0.0
3916,hydro_reservoir,2030,20,4,4,0.0
3917,hydro_reservoir,2030,20,5,5,0.0
3918,hydro_reservoir,2030,20,6,6,0.0
3919,hydro_reservoir,2030,20,7,7,0.0
3920,hydro_reservoir,2030,20,8,8,0.0
3921,hydro_reservoir,2030,20,9,9,0.0
3922,hydro_reservoir,2030,20,10,10,0.0
3923,hydro_reservoir,2030,20,11,11,0.0
3924,hydro_reservoir,2030,20,12,12,0.0
3925,hydro_reservoir,2030,20,13,13,0.0
3926,hydro_reservoir,2030,20,14,14,0.0
3927,hydro_reservoir,2030,20,15,15,0.0
3928,hydro_reservoir,2030,20,16,16,0.0
3929,hydro_reservoir,2030,20,17,17,0.0
3930,hydro_reservoir,2030,20,18,18,0.0
3931,hydro_reservoir,2030,20,19,19,0.0
3932,hydro_reservoir,2030,20,20,20,0.0
3933,hydro_reservoir,2030,20,21,21,0.0
3934,hydro_reservoir,2030,20,22,22,0.0
3935,hydro_reservoir,2030,20,23,23,0.0
3936,hydro_reservoir,2030,20,24,24,0.0
3937,hydro_reservoir,2030,21,1,1,0.0
3938,hydro_reservoir,2030,21,2,2,0.0
3939,hydro_reservoir,2030,21,3,3,0.0
3940,hydro_reservoir,2030,21,4,4,0.0
3941,hydro_reservoir,2030,21,5,5,0.0
3942,hydro_reservoir,2030,21,6,6,0.0
3943,hydro_reservoir,2030,21,7,7,0.0
3944,hydro_reservoir,2030,21,8,8,0.0
3945,hydro_reservoir,2030,21,9,9,0.0
3946,hydro_reservoir,2030,21,10,10,0.0
3947,hydro_reservoir,2030,21,11,11,0.0
3948,hydro_reservoir,2030,21,12,12,0.0
3949,hydro_reservoir,2030,21,13,13,0.0
3950,hydro_reservoir,2030,21,14,14,0.0
3951,hydro_reservoir,2030,21,15,15,0.0
3952,hydro_reservoir,2030,21,16,16,0.0
3953,hydro_reservoir,2030,21,17,17,0.0
3954,hydro_reservoir,2030,21,18,18,0.0
3955,hydro_reservoir,2030,21,19,19,0.0
3956,hydro_reservoir,2030,21,20,20,0.0
3957,hydro_reservoir,2030,21,21,21,0.0
3958,hydro_reservoir,2030,21,22,22,0.0
3959,hydro_reservoir,2030,21,23,23,0.0
3960,hydro_reservoir,2030,21,24,24,0.0
3961,hydro_reservoir,2030,22,1,1,0.0
3962,hydro_reservoir,2030,22,2,2,0.0
3963,hydro_reservoir,2030,22,3,3,0.0
3964,hydro_reservoir,2030,22,4,4,0.0
3965,hydro_reservoir,2030,22,5,5,0.0
3966,hydro_reservoir,2030,22,6,6,0.0
3967,hydro_reservoir,2030,22,7,7,0.0
3968,hydro_reservoir,2030,22,8,8,0.0
3969,hydro_reservoir,2030,22,9,9,0.0
3970,hydro_reservoir,2030,22,10,10,0.0
3971,hydro_reservoir,2030,22,11,11,0.0
3972,hydro_reservoir,2030,22,12,12,0.0
3973,hydro_reservoir,2030,22,13,13,0.0
3974,hydro_reservoir,2030,22,14,14,0.0
3975,hydro_reservoir,2030,22,15,15,0.0
3976,hydro_reservoir,2030,22,16,16,0.0
3977,hydro_reservoir,2030,22,17,17,0.0
3978,hydro_reservoir,2030,22,18,18,0.0
3979,hydro_reservoir,2030,22,19,19,0.0
3980,hydro_reservoir,2030,22,20,20,0.0
3981,hydro_reservoir,2030,22,21,21,0.0
3982,hydro_reservoir,2030,22,22,22,0.0
3983,hydro_reservoir,2030,22,23,23,0.0
3984,hydro_reservoir,2030,22,24,24,0.0
3985,hydro_reservoir,2030,23,1,1,0.0
3986,hydro_reservoir,2030,23,2,2,0.0
3987,hydro_reservoir,2030,23,3,3,0.0
3988,hydro_reservoir,2030,23,4,4,0.0
3989,hydro_reservoir,2030,23,5,5,0.0
3990,hydro_reservoir,2030,23,6,6,0.0
3991,hydro_reservoir,2030,23,7,7,0.0
3992,hydro_reservoir,2030,23,8,8,0.0
3993,hydro_reservoir,2030,23,9,9,0.0
3994,hydro_reservoir,2030,23,10,10,0.0
3995,hydro_reservoir,2030,23,11,11,0.0
3996,hydro_reservoir,2030,23,12,12,0.0
3997,hydro_reservoir,2030,23,13,13,0.0
3998,hydro_reservoir,2030,23,14,14,0.0
3999,hydro_reservoir,2030,23,15,15,0.0
4000,hydro_reservoir,2030,23,16,16,0.0
4001,hydro_reservoir,2030,23,17,17,0.0
4002,hydro_reservoir,2030,23,18,18,0.0
4003,hydro_reservoir,2030,23,19,19,0.0
4004,hydro_reservoir,2030,23,20,20,0.0
4005,hydro_reservoir,2030,23,21,21,0.0
4006,hydro_reservoir,2030,23,22,22,0.0
4007,hydro_reservoir,2030,23,23,23,0.0
4008,hydro_reservoir,2030,23,24,24,0.0
4009,hydro_reservoir,2030,24,1,1,0.0
4010,hydro_reservoir,2030,24,2,2,0.0
4011,hydro_reservoir,2030,24,3,3,0.0
4012,hydro_reservoir,2030,24,4,4,0.0
4013,hydro_reservoir,2030,24,5,5,0.0
4014,hydro_reservoir,2030,24,6,6,0.0
4015,hydro_reservoir,2030,24,7,7,0.0
4016,hydro_reservoir,2030,24,8,8,0.0
4017,hydro_reservoir,2030,24,9,9,0.0
4018,hydro_reservoir,2030,24,10,10,0.0
4019,hydro_reservoir,2030,24,11,11,0.0
4020,hydro_reservoir,2030,24,12,12,0.0
4021,hydro_reservoir,2030,24,13,13,0.0
4022,hydro_reservoir,2030,24,14,14,0.0
4023,hydro_reservoir,2030,24,15,15,0.0
4024,hydro_reservoir,2030,24,16,16,0.0
4025,hydro_reservoir,2030,24,17,17,0.0
4026,hydro_reservoir,2030,24,18,18,0.0
4027,hydro_reservoir,2030,24,19,19,0.0
4028,hydro_reservoir,2030,24,20,20,0.0
4029,hydro_reservoir,2030,24,21,21,0.0
4030,hydro_reservoir,2030,24,22,22,0.0
4031,hydro_reservoir,2030,24,23,23,0.0
4032,hydro_reservoir,2030,24,24,24,0.0
4033,hydro_reservoir,2030,25,1,1,0.0
4034,hydro_reservoir,2030,25,2,2,0.0
4035,hydro_reservoir,2030,25,3,3,0.0
4036,hydro_reservoir,2030,25,4,4,0.0
4037,hydro_reservoir,2030,25,5,5,0.0
4038,hydro_reservoir,2030,25,6,6,0.0
4039,hydro_reservoir,2030,25,7,7,0.0
4040,hydro_reservoir,2030,25,8,8,0.0
4041,hydro_reservoir,2030,25,9,9,0.0
4042,hydro_reservoir,2030,25,10,10,0.0
4043,hydro_reservoir,2030,25,11,11,0.0
4044,hydro_reservoir,2030,25,12,12,0.0
4045,hydro_reservoir,2030,25,13,13,0.0
4046,hydro_reservoir,2030,25,14,14,0.0
4047,hydro_reservoir,2030,25,15,15,0.0
4048,hydro_reservoir,2030,25,16,16,0.0
4049,hydro_reservoir,2030,25,17,17,0.0
4050,hydro_reservoir,2030,25,18,18,0.0
4051,hydro_reservoir,2030,25,19,19,0.0
4052,hydro_reservoir,2030,25,20,20,0.0
4053,hydro_reservoir,2030,25,21,21,0.0
4054,hydro_reservoir,2030,25,22,22,0.0
4055,hydro_reservoir,2030,25,23,23,0.0
4056,hydro_reservoir,2030,25,24,24,0.0
4057,hydro_reservoir,2030,26,1,1,0.0
4058,hydro_reservoir,2030,26,2,2,0.0
4059,hydro_reservoir,2030,26,3,3,0.0
4060,hydro_reservoir,2030,26,4,4,0.0
4061,hydro_reservoir,2030,26,5,5,0.0
4062,hydro_reservoir,2030,26,6,6,0.0
4063,hydro_reservoir,2030,26,7,7,0.0
4064,hydro_reservoir,2030,26,8,8,0.0
4065,hydro_reservoir,2030,26,9,9,0.0
4066,hydro_reservoir,2030,26,10,10,0.0
4067,hydro_reservoir,2030,26,11,11,0.0
4068,hydro_reservoir,2030,26,12,12,0.0
4069,hydro_reservoir,2030,26,13,13,0.0
4070,hydro_reservoir,2030,26,14,14,0.0
4071,hydro_reservoir,2030,26,15,15,0.0
4072,hydro_reservoir,2030,26,16,16,0.0
4073,hydro_reservoir,2030,26,17,17,0.0
4074,hydro_reservoir,2030,26,18,18,0.0
4075,hydro_reservoir,2030,26,19,19,0.0
4076,hydro_reservoir,2030,26,20,20,0.0
4077,hydro_reservoir,2030,26,21,21,0.0
4078,hydro_reservoir,2030,26,22,22,0.0
4079,hydro_reservoir,2030,26,23,23,0.0
4080,hydro_reservoir,2030,26,24,24,0.0
4081,hydro_reservoir,2030,27,1,1,0.0
4082,hydro_reservoir,2030,27,2,2,0.0
4083,hydro_reservoir,2030,27,3,3,0.0
4084,hydro_reservoir,2030,27,4,4,0.0
4085,hydro_reservoir,2030,27,5,5,0.0
4086,hydro_reservoir,2030,27,6,6,0.0
4087,hydro_reservoir,2030,27,7,7,0.0
4088,hydro_reservoir,2030,27,8,8,0.0
4089,hydro_reservoir,2030,27,9,9,0.0
4090,hydro_reservoir,2030,27,10,10,0.0
4091,hydro_reservoir,2030,27,11,11,0.0
4092,hydro_reservoir,2030,27,12,12,0.0
4093,hydro_reservoir,2030,27,13,13,0.0
4094,hydro_reservoir,2030,27,14,14,0.0
4095,hydro_reservoir,2030,27,15,15,0.0
4096,hydro_reservoir,2030,27,16,16,0.0
4097,hydro_reservoir,2030,27,17,17,0.0
4098,hydro_reservoir,2030,27,18,18,0.0
4099,hydro_reservoir,2030,27,19,19,0.0
4100,hydro_reservoir,2030,27,20,20,0.0
4101,hydro_reservoir,2030,27,21,21,0.0
4102,hydro_reservoir,2030,27,22,22,0.0
4103,hydro_reservoir,2030,27,23,23,0.0
4104,hydro_reservoir,2030,27,24,24,0.0
4105,hydro_reservoir,2030,28,1,1,0.0
4106,hydro_reservoir,2030,28,2,2,0.0
4107,hydro_reservoir,2030,28,3,3,0.0
4108,hydro_reservoir,2030,28,4,4,0.0
4109,hydro_reservoir,2030,28,5,5,0.0
4110,hydro_reservoir,2030,28,6,6,0.0
4111,hydro_reservoir,2030,28,7,7,0.0
4112,hydro_reservoir,2030,28,8,8,0.0
4113,hydro_reservoir,2030,28,9,9,0.0
4114,hydro_reservoir,2030,28,10,10,0.0
4115,hydro_reservoir,2030,28,11,11,0.0
4116,hydro_reservoir,2030,28,12,12,0.0
4117,hydro_reservoir,2030,28,13,13,0.0
4118,hydro_reservoir,2030,28,14,14,0.0
4119,hydro_reservoir,2030,28,15,15,0.0
4120,hydro_reservoir,2030,28,16,16,0.0
4121,hydro_reservoir,2030,28,17,17,0.0
4122,hydro_reservoir,2030,28,18,18,0.0
4123,hydro_reservoir,2030,28,19,19,0.0
4124,hydro_reservoir,2030,28,20,20,0.0
4125,hydro_reservoir,2030,28,21,21,0.0
4126,hydro_reservoir,2030,28,22,22,0.0
4127,hydro_reservoir,2030,28,23,23,0.0
4128,hydro_reservoir,2030,28,24,24,0.0
4129,hydro_reservoir,2030,29,1,1,0.0
4130,hydro_reservoir,2030,29,2,2,0.0
4131,hydro_reservoir,2030,29,3,3,0.0
4132,hydro_reservoir,2030,29,4,4,0.0
4133,hydro_reservoir,2030,29,5,5,0.0
4134,hydro_reservoir,2030,29,6,6,0.0
4135,hydro_reservoir,2030,29,7,7,0.0
4136,hydro_reservoir,2030,29,8,8,0.0
4137,hydro_reservoir,2030,29,9,9,0.0
4138,hydro_reservoir,2030,29,10,10,0.0
4139,hydro_reservoir,2030,29,11,11,0.0
4140,hydro_reservoir,2030,29,12,12,0.0
4141,hydro_reservoir,2030,29,13,13,0.0
4142,hydro_reservoir,2030,29,14,14,0.0
4143,hydro_reservoir,2030,29,15,15,0.0
4144,hydro_reservoir,2030,29,16,16,0.0
4145,hydro_reservoir,2030,29,17,17,0.0
4146,hydro_reservoir,2030,29,18,18,0.0
4147,hydro_reservoir,2030,29,19,19,0.0
4148,hydro_reservoir,2030,29,20,20,0.0
4149,hydro_reservoir,2030,29,21,21,0.0
4150,hydro_reservoir,2030,29,22,22,0.0
4151,hydro_reservoir,2030,29,23,23,0.0
4152,hydro_reservoir,2030,29,24,24,0.0
4153,hydro_reservoir,2030,30,1,1,0.0
4154,hydro_reservoir,2030,30,2,2,0.0
4155,hydro_reservoir,2030,30,3,3,0.0
4156,hydro_reservoir,2030,30,4,4,0.0
4157,hydro_reservoir,2030,30,5,5,0.0
4158,hydro_reservoir,2030,30,6,6,0.0
4159,hydro_reservoir,2030,30,7,7,0.0
4160,hydro_reservoir,2030,30,8,8,0.0
4161,hydro_reservoir,2030,30,9,9,0.0
4162,hydro_reservoir,2030,30,10,10,0.0
4163,hydro_reservoir,2030,30,11,11,0.0
4164,hydro_reservoir,2030,30,12,12,0.0
4165,hydro_reservoir,2030,30,13,13,0.0
4166,hydro_reservoir,2030,30,14,14,0.0
4167,hydro_reservoir,2030,30,15,15,0.0
4168,hydro_reservoir,2030,30,16,16,0.0
4169,hydro_reservoir,2030,30,17,17,0.0
4170,hydro_reservoir,2030,30,18,18,0.0
4171,hydro_reservoir,2030,30,19,19,0.0
4172,hydro_reservoir,2030,30,20,20,0.0
4173,hydro_reservoir,2030,30,21,21,0.0
4174,hydro_reservoir,2030,30,22,22,0.0
4175,hydro_reservoir,2030,30,23,23,0.0
4176,hydro_reservoir,2030,30,24,24,0.0
4177,hydro_reservoir,2030,31,1,1,0.0
4178,hydro_reservoir,2030,31,2,2,0.0
4179,hydro_reservoir,2030,31,3,3,0.0
4180,hydro_reservoir,2030,31,4,4,0.0
4181,hydro_reservoir,2030,31,5,5,0.0
4182,hydro_reservoir,2030,31,6,6,0.0
4183,hydro_reservoir,2030,31,7,7,0.0
4184,hydro_reservoir,2030,31,8,8,0.0
4185,hydro_reservoir,2030,31,9,9,0.0
4186,hydro_reservoir,2030,31,10,10,0.0
4187,hydro_reservoir,2030,31,11,11,0.0
4188,hydro_reservoir,2030,31,12,12,0.0
4189,hydro_reservoir,2030,31,13,13,0.0
4190,hydro_reservoir,2030,31,14,14,0.0
4191,hydro_reservoir,2030,31,15,15,0.0
4192,hydro_reservoir,2030,31,16,16,0.0
4193,hydro_reservoir,2030,31,17,17,0.0
4194,hydro_reservoir,2030,31,18,18,0.0
4195,hydro_reservoir,2030,31,19,19,0.0
4196,hydro_reservoir,2030,31,20,20,0.0
4197,hydro_reservoir,2030,31,21,21,0.0
4198,hydro_reservoir,2030,31,22,22,0.0
4199,hydro_reservoir,2030,31,23,23,0.0
4200,hydro_reservoir,2030,31,24,24,0.0
4201,hydro_reservoir,2030,32,1,1,0.0
4202,hydro_reservoir,2030,32,2,2,0.0
4203,hydro_reservoir,2030,32,3,3,0.0
4204,hydro_reservoir,2030,32,4,4,0.0
4205,hydro_reservoir,2030,32,5,5,0.0
4206,hydro_reservoir,2030,32,6,6,0.0
4207,hydro_reservoir,2030,32,7,7,0.0
4208,hydro_reservoir,2030,32,8,8,0.0
4209,hydro_reservoir,2030,32,9,9,0.0
4210,hydro_reservoir,2030,32,10,10,0.0
4211,hydro_reservoir,2030,32,11,11,0.0
4212,hydro_reservoir,2030,32,12,12,0.0
4213,hydro_reservoir,2030,32,13,13,0.0
4214,hydro_reservoir,2030,32,14,14,0.0
4215,hydro_reservoir,2030,32,15,15,0.0
4216,hydro_reservoir,2030,32,16,16,0.0
4217,hydro_reservoir,2030,32,17,17,0.0
4218,hydro_reservoir,2030,32,18,18,0.0
4219,hydro_reservoir,2030,32,19,19,0.0
4220,hydro_reservoir,2030,32,20,20,0.0
4221,hydro_reservoir,2030,32,21,21,0.0
4222,hydro_reservoir,2030,32,22,22,0.0
4223,hydro_reservoir,2030,32,23,23,0.0
4224,hydro_reservoir,2030,32,24,24,0.0
4225,hydro_reservoir,2030,33,1,1,0.0
4226,hydro_reservoir,2030,33,2,2,0.0
4227,hydro_reservoir,2030,33,3,3,0.0
4228,hydro_reservoir,2030,33,4,4,0.0
4229,hydro_reservoir,2030,33,5,5,0.0
4230,hydro_reservoir,2030,33,6,6,0.0
4231,hydro_reservoir,2030,33,7,7,0.0
4232,hydro_reservoir,2030,33,8,8,0.0
4233,hydro_reservoir,2030,33,9,9,0.0
4234,hydro_reservoir,2030,33,10,10,0.0
4235,hydro_reservoir,2030,33,11,11,0.0
4236,hydro_reservoir,2030,33,12,12,0.0
4237,hydro_reservoir,2030,33,13,13,0.0
4238,hydro_reservoir,2030,33,14,14,0.0
4239,hydro_reservoir,2030,33,15,15,0.0
4240,hydro_reservoir,2030,33,16,16,0.0
4241,hydro_reservoir,2030,33,17,17,0.0
4242,hydro_reservoir,2030,33,18,18,0.0
4243,hydro_reservoir,2030,33,19,19,0.0
4244,hydro_reservoir,2030,33,20,20,0.0
4245,hydro_reservoir,2030,33,21,21,0.0
4246,hydro_reservoir,2030,33,22,22,0.0
4247,hydro_reservoir,2030,33,23,23,0.0
4248,hydro_reservoir,2030,33,24,24,0.0
4249,hydro_reservoir,2030,34,1,1,0.0
4250,hydro_reservoir,2030,34,2,2,0.0
4251,hydro_reservoir,2030,34,3,3,0.0
4252,hydro_reservoir,2030,34,4,4,0.0
4253,hydro_reservoir,2030,34,5,5,0.0
4254,hydro_reservoir,2030,34,6,6,0.0
4255,hydro_reservoir,2030,34,7,7,0.0
4256,hydro_reservoir,2030,34,8,8,0.0
4257,hydro_reservoir,2030,34,9,9,0.0
4258,hydro_reservoir,2030,34,10,10,0.0
4259,hydro_reservoir,2030,34,11,11,0.0
4260,hydro_reservoir,2030,34,12,12,0.0
4261,hydro_reservoir,2030,34,13,13,0.0
4262,hydro_reservoir,2030,34,14,14,0.0
4263,hydro_reservoir,2030,34,15,15,0.0
4264,hydro_reservoir,2030,34,16,16,0.0
4265,hydro_reservoir,2030,34,17,17,0.0
4266,hydro_reservoir,2030,34,18,18,0.0
4267,hydro_reservoir,2030,34,19,19,0.0
4268,hydro_reservoir,2030,34,20,20,0.0
4269,hydro_reservoir,2030,34,21,21,0.0
4270,hydro_reservoir,2030,34,22,22,0.0
4271,hydro_reservoir,2030,34,23,23,0.0
4272,hydro_reservoir,2030,34,24,24,0.0
4273,hydro_reservoir,2030,35,1,1,0.0
4274,hydro_reservoir,2030,35,2,2,0.0
4275,hydro_reservoir,2030,35,3,3,0.0
4276,hydro_reservoir,2030,35,4,4,0.0
4277,hydro_reservoir,2030,35,5,5,0.0
4278,hydro_reservoir,2030,35,6,6,0.0
4279,hydro_reservoir,2030,35,7,7,0.0
4280,hydro_reservoir,2030,35,8,8,0.0
4281,hydro_reservoir,2030,35,9,9,0.0
4282,hydro_reservoir,2030,35,10,10,0.0
4283,hydro_reservoir,2030,35,11,11,0.0
4284,hydro_reservoir,2030,35,12,12,0.0
4285,hydro_reservoir,2030,35,13,13,0.0
4286,hydro_reservoir,2030,35,14,14,0.0
4287,hydro_reservoir,2030,35,15,15,0.0
4288,hydro_reservoir,2030,35,16,16,0.0
4289,hydro_reservoir,2030,35,17,17,0.0
4290,hydro_reservoir,2030,35,18,18,0.0
4291,hydro_reservoir,2030,35,19,19,0.0
4292,hydro_reservoir,2030,35,20,20,0.0
4293,hydro_reservoir,2030,35,21,21,0.0
4294,hydro_reservoir,2030,35,22,22,0.0
4295,hydro_reservoir,2030,35,23,23,0.0
4296,hydro_reservoir,2030,35,24,24,0.0
4297,hydro_reservoir,2030,36,1,1,0.0
4298,hydro_reservoir,2030,36,2,2,0.0
4299,hydro_reservoir,2030,36,3,3,0.0
4300,hydro_reservoir,2030,36,4,4,0.0
4301,hydro_reservoir,2030,36,5,5,0.0
4302,hydro_reservoir,2030,36,6,6,0.0
4303,hydro_reservoir,2030,36,7,7,0.0
4304,hydro_reservoir,2030,36,8,8,0.0
4305,hydro_reservoir,2030,36,9,9,0.0
4306,hydro_reservoir,2030,36,10,10,0.0
4307,hydro_reservoir,2030,36,11,11,0.0
4308,hydro_reservoir,2030,36,12,12,0.0
4309,hydro_reservoir,2030,36,13,13,0.0
4310,hydro_reservoir,2030,36,14,14,0.0
4311,hydro_reservoir,2030,36,15,15,0.0
4312,hydro_reservoir,2030,36,16,16,0.0
4313,hydro_reservoir,2030,36,17,17,0.0
4314,hydro_reservoir,2030,36,18,18,0.0
4315,hydro_reservoir,2030,36,19,19,0.0
4316,hydro_reservoir,2030,36,20,20,0.0
4317,hydro_reservoir,2030,36,21,21,0.0
4318,hydro_reservoir,2030,36,22,22,0.0
4319,hydro_reservoir,2030,36,23,23,0.0
4320,hydro_reservoir,2030,36,24,24,0.0
4321,hydro_reservoir,2030,37,1,1,0.0
4322,hydro_reservoir,2030,37,2,2,0.0
4323,hydro_reservoir,2030,37,3,3,0.0
4324,hydro_reservoir,2030,37,4,4,0.0
4325,hydro_reservoir,2030,37,5,5,0.0
4326,hydro_reservoir,2030,37,6,6,0.0
4327,hydro_reservoir,2030,37,7,7,0.0
4328,hydro_reservoir,2030,37,8,8,0.0
4329,hydro_reservoir,2030,37,9,9,0.0
4330,hydro_reservoir,2030,37,10,10,0.0
4331,hydro_reservoir,2030,37,11,11,0.0
4332,hydro_reservoir,2030,37,12,12,0.0
4333,hydro_reservoir,2030,37,13,13,0.0
4334,hydro_reservoir,2030,37,14,14,0.0
4335,hydro_reservoir,2030,37,15,15,0.0
4336,hydro_reservoir,2030,37,16,16,0.0
4337,hydro_reservoir,2030,37,17,17,0.0
4338,hydro_reservoir,2030,37,18,18,0.0
4339,hydro_reservoir,2030,37,19,19,0.0
4340,hydro_reservoir,2030,37,20,20,0.0
4341,hydro_reservoir,2030,37,21,21,0.0
4342,hydro_reservoir,2030,37,22,22,0.0
4343,hydro_reservoir,2030,37,23,23,0.0
4344,hydro_reservoir,2030,37,24,24,0.0
4345,hydro_reservoir,2030,38,1,1,0.0
4346,hydro_reservoir,2030,38,2,2,0.0
4347,hydro_reservoir,2030,38,3,3,0.0
4348,hydro_reservoir,2030,38,4,4,0.0
4349,hydro_reservoir,2030,38,5,5,0.0
4350,hydro_reservoir,2030,38,6,6,0.0
4351,hydro_reservoir,2030,38,7,7,0.0
4352,hydro_reservoir,2030,38,8,8,0.0
4353,hydro_reservoir,2030,38,9,9,0.0
4354,hydro_reservoir,2030,38,10,10,0.0
4355,hydro_reservoir,2030,38,11,11,0.0
4356,hydro_reservoir,2030,38,12,12,0.0
4357,hydro_reservoir,2030,38,13,13,0.0
4358,hydro_reservoir,2030,38,14,14,0.0
4359,hydro_reservoir,2030,38,15,15,0.0
4360,hydro_reservoir,2030,38,16,16,0.0
4361,hydro_reservoir,2030,38,17,17,0.0
4362,hydro_reservoir,2030,38,18,18,0.0
4363,hydro_reservoir,2030,38,19,19,0.0
4364,hydro_reservoir,2030,38,20,20,0.0
4365,hydro_reservoir,2030,38,21,21,0.0
4366,hydro_reservoir,2030,38,22,22,0.0
4367,hydro_reservoir,2030,38,23,23,0.0
4368,hydro_reservoir,2030,38,24,24,0.0
4369,hydro_reservoir,2030,39,1,1,0.0
4370,hydro_reservoir,2030,39,2,2,0.0
4371,hydro_reservoir,2030,39,3,3,0.0
4372,hydro_reservoir,2030,39,4,4,0.0
4373,hydro_reservoir,2030,39,5,5,0.0
4374,hydro_reservoir,2030,39,6,6,0.0
4375,hydro_reservoir,2030,39,7,7,0.0
4376,hydro_reservoir,2030,39,8,8,0.0
4377,hydro_reservoir,2030,39,9,9,0.0
4378,hydro_reservoir,2030,39,10,10,0.0
4379,hydro_reservoir,2030,39,11,11,0.0
4380,hydro_reservoir,2030,39,12,12,0.0
4381,hydro_reservoir,2030,39,13,13,0.0
4382,hydro_reservoir,2030,39,14,14,0.0
4383,hydro_reservoir,2030,39,15,15,0.0
4384,hydro_reservoir,2030,39,16,16,0.0
4385,hydro_reservoir,2030,39,17,17,0.0
4386,hydro_reservoir,2030,39,18,18,0.0
4387,hydro_reservoir,2030,39,19,19,0.0
4388,hydro_reservoir,2030,39,20,20,0.0
4389,hydro_reservoir,2030,39,21,21,0.0
4390,hydro_reservoir,2030,39,22,22,0.0
4391,hydro_reservoir,2030,39,23,23,0.0
4392,hydro_reservoir,2030,39,24,24,0.0
4393,hydro_reservoir,2030,40,1,1,0.0
4394,hydro_reservoir,2030,40,2,2,0.0
4395,hydro_reservoir,2030,40,3,3,0.0
4396,hydro_reservoir,2030,40,4,4,0.0
4397,hydro_reservoir,2030,40,5,5,0.0
4398,hydro_reservoir,2030,40,6,6,0.0
4399,hydro_reservoir,2030,40,7,7,0.0
4400,hydro_reservoir,2030,40,8,8,0.0
4401,hydro_reservoir,2030,40,9,9,0.0
4402,hydro_reservoir,2030,40,10,10,0.0
4403,hydro_reservoir,2030,40,11,11,0.0
4404,hydro_reservoir,2030,40,12,12,0.0
4405,hydro_reservoir,2030,40,13,13,0.0
4406,hydro_reservoir,2030,40,14,14,0.0
4407,hydro_reservoir,2030,40,15,15,0.0
4408,hydro_reservoir,2030,40,16,16,0.0
4409,hydro_reservoir,2030,40,17,17,0.0
4410,hydro_reservoir,2030,40,18,18,0.0
4411,hydro_reservoir,2030,40,19,19,0.0
4412,hydro_reservoir,2030,40,20,20,0.0
4413,hydro_reservoir,2030,40,21,21,0.0
4414,hydro_reservoir,2030,40,22,22,0.0
4415,hydro_reservoir,2030,40,23,23,0.0
4416,hydro_reservoir,2030,40,24,24,0.0
4417,hydro_reservoir,2030,41,1,1,0.0
4418,hydro_reservoir,2030,41,2,2,0.0
4419,hydro_reservoir,2030,41,3,3,0.0
4420,hydro_reservoir,2030,41,4,4,0.0
4421,hydro_reservoir,2030,41,5,5,0.0
4422,hydro_reservoir,2030,41,6,6,0.0
4423,hydro_reservoir,2030,41,7,7,0.0
4424,hydro_reservoir,2030,41,8,8,0.0
4425,hydro_reservoir,2030,41,9,9,0.0
4426,hydro_reservoir,2030,41,10,10,0.0
4427,hydro_reservoir,2030,41,11,11,0.0
4428,hydro_reservoir,2030,41,12,12,0.0
4429,hydro_reservoir,2030,41,13,13,0.0
4430,hydro_reservoir,2030,41,14,14,0.0
4431,hydro_reservoir,2030,41,15,15,0.0
4432,hydro_reservoir,2030,41,16,16,0.0
4433,hydro_reservoir,2030,41,17,17,0.0
4434,hydro_reservoir,2030,41,18,18,0.0
4435,hydro_reservoir,2030,41,19,19,0.0
4436,hydro_reservoir,2030,41,20,20,0.0
4437,hydro_reservoir,2030,41,21,21,0.0
4438,hydro_reservoir,2030,41,22,22,0.0
4439,hydro_reservoir,2030,41,23,23,0.0
4440,hydro_reservoir,2030,41,24,24,0.0
4441,hydro_reservoir,2030,42,1,1,0.0
4442,hydro_reservoir,2030,42,2,2,0.0
4443,hydro_reservoir,2030,42,3,3,0.0
4444,hydro_reservoir,2030,42,4,4,0.0
4445,hydro_reservoir,2030,42,5,5,0.0
4446,hydro_reservoir,2030,42,6,6,0.0
4447,hydro_reservoir,2030,42,7,7,0.0
4448,hydro_reservoir,2030,42,8,8,0.0
4449,hydro_reservoir,2030,42,9,9,0.0
4450,hydro_reservoir,2030,42,10,10,0.0
4451,hydro_reservoir,2030,42,11,11,0.0
4452,hydro_reservoir,2030,42,12,12,0.0
4453,hydro_reservoir,2030,42,13,13,0.0
4454,hydro_reservoir,2030,42,14,14,0.0
4455,hydro_reservoir,2030,42,15,15,0.0
4456,hydro_reservoir,2030,42,16,16,0.0
4457,hydro_reservoir,2030,42,17,17,0.0
4458,hydro_reservoir,2030,42,18,18,0.0
4459,hydro_reservoir,2030,42,19,19,0.0
4460,hydro_reservoir,2030,42,20,20,0.0
4461,hydro_reservoir,2030,42,21,21,0.0
4462,hydro_reservoir,2030,42,22,22,0.0
4463,hydro_reservoir,2030,42,23,23,0.0
4464,hydro_reservoir,2030,42,24,24,0.0
4465,hydro_reservoir,2030,43,1,1,0.0
4466,hydro_reservoir,2030,43,2,2,0.0
4467,hydro_reservoir,2030,43,3,3,0.0
4468,hydro_reservoir,2030,43,4,4,0.0
4469,hydro_reservoir,2030,43,5,5,0.0
4470,hydro_reservoir,2030,43,6,6,0.0
4471,hydro_reservoir,2030,43,7,7,0.0
4472,hydro_reservoir,2030,43,8,8,0.0
4473,hydro_reservoir,2030,43,9,9,0.0
4474,hydro_reservoir,2030,43,10,10,0.0
4475,hydro_reservoir,2030,43,11,11,0.0
4476,hydro_reservoir,2030,43,12,12,0.0
4477,hydro_reservoir,2030,43,13,13,0.0
4478,hydro_reservoir,2030,43,14,14,0.0
4479,hydro_reservoir,2030,43,15,15,0.0
4480,hydro_reservoir,2030,43,16,16,0.0
4481,hydro_reservoir,2030,43,17,17,0.0
4482,hydro_reservoir,2030,43,18,18,0.0
4483,hydro_reservoir,2030,43,19,19,0.0
4484,hydro_reservoir,2030,43,20,20,0.0
4485,hydro_reservoir,2030,43,21,21,0.0
4486,hydro_reservoir,2030,43,22,22,0.0
4487,hydro_reservoir,2030,43,23,23,0.0
4488,hydro_reservoir,2030,43,24,24,0.0
4489,hydro_reservoir,2030,44,1,1,0.0
4490,hydro_reservoir,2030,44,2,2,0.0
4491,hydro_reservoir,2030,44,3,3,0.0
4492,hydro_reservoir,2030,44,4,4,0.0
4493,hydro_reservoir,2030,44,5,5,0.0
4494,hydro_reservoir,2030,44,6,6,0.0
4495,hydro_reservoir,2030,44,7,7,0.0
4496,hydro_reservoir,2030,44,8,8,0.0
4497,hydro_reservoir,2030,44,9,9,0.0
4498,hydro_reservoir,2030,44,10,10,0.0
4499,hydro_reservoir,2030,44,11,11,0.0
4500,hydro_reservoir,2030,44,12,12,0.0
4501,hydro_reservoir,2030,44,13,13,0.0
4502,hydro_reservoir,2030,44,14,14,0.0
4503,hydro_reservoir,2030,44,15,15,0.0
4504,hydro_reservoir,2030,44,16,16,0.0
4505,hydro_reservoir,2030,44,17,17,0.0
4506,hydro_reservoir,2030,44,18,18,0.0
4507,hydro_reservoir,2030,44,19,19,0.0
4508,hydro_reservoir,2030,44,20,20,0.0
4509,hydro_reservoir,2030,44,21,21,0.0
4510,hydro_reservoir,2030,44,22,22,0.0
4511,hydro_reservoir,2030,44,23,23,0.0
4512,hydro_reservoir,2030,44,24,24,0.0
4513,hydro_reservoir,2030,45,1,1,0.0
4514,hydro_reservoir,2030,45,2,2,0.0
4515,hydro_reservoir,2030,45,3,3,0.0
4516,hydro_reservoir,2030,45,4,4,0.0
4517,hydro_reservoir,2030,45,5,5,0.0
4518,hydro_reservoir,2030,45,6,6,0.0
4519,hydro_reservoir,2030,45,7,7,0.0
4520,hydro_reservoir,2030,45,8,8,0.0
4521,hydro_reservoir,2030,45,9,9,0.0
4522,hydro_reservoir,2030,45,10,10,0.0
4523,hydro_reservoir,2030,45,11,11,0.0
4524,hydro_reservoir,2030,45,12,12,0.0
4525,hydro_reservoir,2030,45,13,13,0.0
4526,hydro_reservoir,2030,45,14,14,0.0
4527,hydro_reservoir,2030,45,15,15,0.0
4528,hydro_reservoir,2030,45,16,16,0.0
4529,hydro_reservoir,2030,45,17,17,0.0
4530,hydro_reservoir,2030,45,18,18,0.0
4531,hydro_reservoir,2030,45,19,19,0.0
4532,hydro_reservoir,2030,45,20,20,0.0
4533,hydro_reservoir,2030,45,21,21,0.0
4534,hydro_reservoir,2030,45,22,22,0.0
4535,hydro_reservoir,2030,45,23,23,0.0
4536,hydro_reservoir,2030,45,24,24,0.0
4537,hydro_reservoir,2030,46,1,1,0.0
4538,hydro_reservoir,2030,46,2,2,0.0
4539,hydro_reservoir,2030,46,3,3,0.0
4540,hydro_reservoir,2030,46,4,4,0.0
4541,hydro_reservoir,2030,46,5,5,0.0
4542,hydro_reservoir,2030,46,6,6,0.0
4543,hydro_reservoir,2030,46,7,7,0.0
4544,hydro_reservoir,2030,46,8,8,0.0
4545,hydro_reservoir,2030,46,9,9,0.0
4546,hydro_reservoir,2030,46,10,10,0.0
4547,hydro_reservoir,2030,46,11,11,0.0
4548,hydro_reservoir,2030,46,12,12,0.0
4549,hydro_reservoir,2030,46,13,13,0.0
4550,hydro_reservoir,2030,46,14,14,0.0
4551,hydro_reservoir,2030,46,15,15,0.0
4552,hydro_reservoir,2030,46,16,16,0.0
4553,hydro_reservoir,2030,46,17,17,0.0
4554,hydro_reservoir,2030,46,18,18,0.0
4555,hydro_reservoir,2030,46,19,19,0.0
4556,hydro_reservoir,2030,46,20,20,0.0
4557,hydro_reservoir,2030,46,21,21,0.0
4558,hydro_reservoir,2030,46,22,22,0.0
4559,hydro_reservoir,2030,46,23,23,0.0
4560,hydro_reservoir,2030,46,24,24,0.0
4561,hydro_reservoir,2030,47,1,1,0.0
4562,hydro_reservoir,2030,47,2,2,0.0
4563,hydro_reservoir,2030,47,3,3,0.0
4564,hydro_reservoir,2030,47,4,4,0.0
4565,hydro_reservoir,2030,47,5,5,0.0
4566,hydro_reservoir,2030,47,6,6,0.0
4567,hydro_reservoir,2030,47,7,7,0.0
4568,hydro_reservoir,2030,47,8,8,0.0
4569,hydro_reservoir,2030,47,9,9,0.0
4570,hydro_reservoir,2030,47,10,10,0.0
4571,hydro_reservoir,2030,47,11,11,0.0
4572,hydro_reservoir,2030,47,12,12,0.0
4573,hydro_reservoir,2030,47,13,13,0.0
4574,hydro_reservoir,2030,47,14,14,0.0
4575,hydro_reservoir,2030,47,15,15,0.0
4576,hydro_reservoir,2030,47,16,16,0.0
4577,hydro_reservoir,2030,47,17,17,0.0
4578,hydro_reservoir,2030,47,18,18,0.0
4579,hydro_reservoir,2030,47,19,19,0.0
4580,hydro_reservoir,2030,47,20,20,0.0
4581,hydro_reservoir,2030,47,21,21,0.0
4582,hydro_reservoir,2030,47,22,22,0.0
4583,hydro_reservoir,2030,47,23,23,0.0
4584,hydro_reservoir,2030,47,24,24,0.0
4585,hydro_reservoir,2030,48,1,1,0.0
4586,hydro_reservoir,2030,48,2,2,0.0
4587,hydro_reservoir,2030,48,3,3,0.0
4588,hydro_reservoir,2030,48,4,4,0.0
4589,hydro_reservoir,2030,48,5,5,0.0
4590,hydro_reservoir,2030,48,6,6,0.0
4591,hydro_reservoir,2030,48,7,7,0.0
4592,hydro_reservoir,2030,48,8,8,0.0
4593,hydro_reservoir,2030,48,9,9,0.0
4594,hydro_reservoir,2030,48,10,10,0.0
4595,hydro_reservoir,2030,48,11,11,0.0
4596,hydro_reservoir,2030,48,12,12,0.0
4597,hydro_reservoir,2030,48,13,13,0.0
4598,hydro_reservoir,2030,48,14,14,0.0
4599,hydro_reservoir,2030,48,15,15,0.0
4600,hydro_reservoir,2030,48,16,16,0.0
4601,hydro_reservoir,2030,48,17,17,0.0
4602,hydro_reservoir,2030,48,18,18,0.0
4603,hydro_reservoir,2030,48,19,19,0.0
4604,hydro_reservoir,2030,48,20,20,0.0
4605,hydro_reservoir,2030,48,21,21,0.0
4606,hydro_reservoir,2030,48,22,22,0.0
4607,hydro_reservoir,2030,48,23,23,0.0
4608,hydro_reservoir,2030,48,24,24,0.0
4609,hydro_reservoir,2030,49,1,1,0.0
4610,hydro_reservoir,2030,49,2,2,0.0
4611,hydro_reservoir,2030,49,3,3,0.0
4612,hydro_reservoir,2030,49,4,4,0.0
4613,hydro_reservoir,2030,49,5,5,0.0
4614,hydro_reservoir,2030,49,6,6,0.0
4615,hydro_reservoir,2030,49,7,7,0.0
4616,hydro_reservoir,2030,49,8,8,0.0
4617,hydro_reservoir,2030,49,9,9,0.0
4618,hydro_reservoir,2030,49,10,10,0.0
4619,hydro_reservoir,2030,49,11,11,0.0
4620,hydro_reservoir,2030,49,12,12,0.0
4621,hydro_reservoir,2030,49,13,13,0.0
4622,hydro_reservoir,2030,49,14,14,0.0
4623,hydro_reservoir,2030,49,15,15,0.0
4624,hydro_reservoir,2030,49,16,16,0.0
4625,hydro_reservoir,2030,49,17,17,0.0
4626,hydro_reservoir,2030,49,18,18,0.0
4627,hydro_reservoir,2030,49,19,19,0.0
4628,hydro_reservoir,2030,49,20,20,0.0
4629,hydro_reservoir,2030,49,21,21,0.0
4630,hydro_reservoir,2030,49,22,22,0.0
4631,hydro_reservoir,2030,49,23,23,0.0
4632,hydro_reservoir,2030,49,24,24,0.0
4633,hydro_reservoir,2030,50,1,1,0.0
4634,hydro_reservoir,2030,50,2,2,0.0
4635,hydro_reservoir,2030,50,3,3,0.0
4636,hydro_reservoir,2030,50,4,4,0.0
4637,hydro_reservoir,2030,50,5,5,0.0
4638,hydro_reservoir,2030,50,6,6,0.0
4639,hydro_reservoir,2030,50,7,7,0.0
4640,hydro_reservoir,2030,50,8,8,0.0
4641,hydro_reservoir,2030,50,9,9,0.0
4642,hydro_reservoir,2030,50,10,10,0.0
4643,hydro_reservoir,2030,50,11,11,0.0
4644,hydro_reservoir,2030,50,12,12,0.0
4645,hydro_reservoir,2030,50,13,13,0.0
4646,hydro_reservoir,2030,50,14,14,0.0
4647,hydro_reservoir,2030,50,15,15,0.0
4648,hydro_reservoir,2030,50,16,16,0.0
4649,hydro_reservoir,2030,50,17,17,0.0
4650,hydro_reservoir,2030,50,18,18,0.0
4651,hydro_reservoir,2030,50,19,19,0.0
4652,hydro_reservoir,2030,50,20,20,0.0
4653,hydro_reservoir,2030,50,21,21,0.0
4654,hydro_reservoir,2030,50,22,22,0.0
4655,hydro_reservoir,2030,50,23,23,0.0
4656,hydro_reservoir,2030,50,24,24,0.0
4657,hydro_reservoir,2030,51,1,1,0.0
4658,hydro_reservoir,2030,51,2,2,0.0
4659,hydro_reservoir,2030,51,3,3,0.0
4660,hydro_reservoir,2030,51,4,4,0.0
4661,hydro_reservoir,2030,51,5,5,0.0
4662,hydro_reservoir,2030,51,6,6,0.0
4663,hydro_reservoir,2030,51,7,7,0.0
4664,hydro_reservoir,2030,51,8,8,0.0
4665,hydro_reservoir,2030,51,9,9,0.0
4666,hydro_reservoir,2030,51,10,10,0.0
4667,hydro_reservoir,2030,51,11,11,0.0
4668,hydro_reservoir,2030,51,12,12,0.0
4669,hydro_reservoir,2030,51,13,13,0.0
4670,hydro_reservoir,2030,51,14,14,0.0
4671,hydro_reservoir,2030,51,15,15,0.0
4672,hydro_reservoir,2030,51,16,16,0.0
4673,hydro_reservoir,2030,51,17,17,0.0
4674,hydro_reservoir,2030,51,18,18,0.0
4675,hydro_reservoir,2030,51,19,19,0.0
4676,hydro_reservoir,2030,51,20,20,0.0
4677,hydro_reservoir,2030,51,21,21,0.0
4678,hydro_reservoir,2030,51,22,22,0.0
4679,hydro_reservoir,2030,51,23,23,0.0
4680,hydro_reservoir,2030,51,24,24,0.0
4681,hydro_reservoir,2030,52,1,1,0.0
4682,hydro_reservoir,2030,52,2,2,0.0
4683,hydro_reservoir,2030,52,3,3,0.0
4684,hydro_reservoir,2030,52,4,4,0.0
4685,hydro_reservoir,2030,52,5,5,0.0
4686,hydro_reservoir,2030,52,6,6,0.0
4687,hydro_reservoir,2030,52,7,7,0.0
4688,hydro_reservoir,2030,52,8,8,0.0
4689,hydro_reservoir,2030,52,9,9,0.0
4690,hydro_reservoir,2030,52,10,10,0.0
4691,hydro_reservoir,2030,52,11,11,0.0
4692,hydro_reservoir,2030,52,12,12,0.0
4693,hydro_reservoir,2030,52,13,13,0.0
4694,hydro_reservoir,2030,52,14,14,0.0
4695,hydro_reservoir,2030,52,15,15,0.0
4696,hydro_reservoir,2030,52,16,16,0.0
4697,hydro_reservoir,2030,52,17,17,0.0
4698,hydro_reservoir,2030,52,18,18,0.0
4699,hydro_reservoir,2030,52,19,19,0.0
4700,hydro_reservoir,2030,52,20,20,0.0
4701,hydro_reservoir,2030,52,21,21,0.0
4702,hydro_reservoir,2030,52,22,22,0.0
4703,hydro_reservoir,2030,52,23,23,0.0
4704,hydro_reservoir,2030,52,24,24,0.0
4705,hydro_reservoir,2030,53,1,1,0.0
4706,hydro_reservoir,2030,53,2,2,0.0
4707,hydro_reservoir,2030,53,3,3,0.0
4708,hydro_reservoir,2030,53,4,4,0.0
4709,hydro_reservoir,2030,53,5,5,0.0
4710,hydro_reservoir,2030,53,6,6,0.0
4711,hydro_reservoir,2030,53,7,7,0.0
4712,hydro_reservoir,2030,53,8,8,0.0
4713,hydro_reservoir,2030,53,9,9,0.0
4714,hydro_reservoir,2030,53,10,10,0.0
4715,hydro_reservoir,2030,53,11,11,0.0
4716,hydro_reservoir,2030,53,12,12,0.0
4717,hydro_reservoir,2030,53,13,13,0.0
4718,hydro_reservoir,2030,53,14,14,0.0
4719,hydro_reservoir,2030,53,15,15,0.0
4720,hydro_reservoir,2030,53,16,16,0.0
4721,hydro_reservoir,2030,53,17,17,0.0
4722,hydro_reservoir,2030,53,18,18,0.0
4723,hydro_reservoir,2030,53,19,19,0.0
4724,hydro_reservoir,2030,53,20,20,0.0
4725,hydro_reservoir,2030,53,21,21,0.0
4726,hydro_reservoir,2030,53,22,22,0.0
4727,hydro_reservoir,2030,53,23,23,0.0
4728,hydro_reservoir,2030,53,24,24,0.0
4729,hydro_reservoir,2030,54,1,1,0.0
4730,hydro_reservoir,2030,54,2,2,0.0
4731,hydro_reservoir,2030,54,3,3,0.0
4732,hydro_reservoir,2030,54,4,4,0.0
4733,hydro_reservoir,2030,54,5,5,0.0
4734,hydro_reservoir,2030,54,6,6,0.0
4735,hydro_reservoir,2030,54,7,7,0.0
4736,hydro_reservoir,2030,54,8,8,0.0
4737,hydro_reservoir,2030,54,9,9,0.0
4738,hydro_reservoir,2030,54,10,10,0.0
4739,hydro_reservoir,2030,54,11,11,0.0
4740,hydro_reservoir,2030,54,12,12,0.0
4741,hydro_reservoir,2030,54,13,13,0.0
4742,hydro_reservoir,2030,54,14,14,0.0
4743,hydro_reservoir,2030,54,15,15,0.0
4744,hydro_reservoir,2030,54,16,16,0.0
4745,hydro_reservoir,2030,54,17,17,0.0
4746,hydro_reservoir,2030,54,18,18,0.0
4747,hydro_reservoir,2030,54,19,19,0.0
4748,hydro_reservoir,2030,54,20,20,0.0
4749,hydro_reservoir,2030,54,21,21,0.0
4750,hydro_reservoir,2030,54,22,22,0.0
4751,hydro_reservoir,2030,54,23,23,0.0
4752,hydro_reservoir,2030,54,24,24,0.0
4753,hydro_reservoir,2030,55,1,1,0.0
4754,hydro_reservoir,2030,55,2,2,0.0
4755,hydro_reservoir,2030,55,3,3,0.0
4756,hydro_reservoir,2030,55,4,4,0.0
4757,hydro_reservoir,2030,55,5,5,0.0
4758,hydro_reservoir,2030,55,6,6,0.0
4759,hydro_reservoir,2030,55,7,7,0.0
4760,hydro_reservoir,2030,55,8,8,0.0
4761,hydro_reservoir,2030,55,9,9,0.0
4762,hydro_reservoir,2030,55,10,10,0.0
4763,hydro_reservoir,2030,55,11,11,0.0
4764,hydro_reservoir,2030,55,12,12,0.0
4765,hydro_reservoir,2030,55,13,13,0.0
4766,hydro_reservoir,2030,55,14,14,0.0
4767,hydro_reservoir,2030,55,15,15,0.0
4768,hydro_reservoir,2030,55,16,16,0.0
4769,hydro_reservoir,2030,55,17,17,0.0
4770,hydro_reservoir,2030,55,18,18,0.0
4771,hydro_reservoir,2030,55,19,19,0.0
4772,hydro_reservoir,2030,55,20,20,0.0
4773,hydro_reservoir,2030,55,21,21,0.0
4774,hydro_reservoir,2030,55,22,22,0.0
4775,hydro_reservoir,2030,55,23,23,0.0
4776,hydro_reservoir,2030,55,24,24,0.0
4777,hydro_reservoir,2030,56,1,1,0.0
4778,hydro_reservoir,2030,56,2,2,0.0
4779,hydro_reservoir,2030,56,3,3,0.0
4780,hydro_reservoir,2030,56,4,4,0.0
4781,hydro_reservoir,2030,56,5,5,0.0
4782,hydro_reservoir,2030,56,6,6,0.0
4783,hydro_reservoir,2030,56,7,7,0.0
4784,hydro_reservoir,2030,56,8,8,0.0
4785,hydro_reservoir,2030,56,9,9,0.0
4786,hydro_reservoir,2030,56,10,10,0.0
4787,hydro_reservoir,2030,56,11,11,0.0
4788,hydro_reservoir,2030,56,12,12,0.0
4789,hydro_reservoir,2030,56,13,13,0.0
4790,hydro_reservoir,2030,56,14,14,0.0
4791,hydro_reservoir,2030,56,15,15,0.0
4792,hydro_reservoir,2030,56,16,16,0.0
4793,hydro_reservoir,2030,56,17,17,0.0
4794,hydro_reservoir,2030,56,18,18,0.0
4795,hydro_reservoir,2030,56,19,19,0.0
4796,hydro_reservoir,2030,56,20,20,0.0
4797,hydro_reservoir,2030,56,21,21,0.0
4798,hydro_reservoir,2030,56,22,22,0.0
4799,hydro_reservoir,2030,56,23,23,0.0
4800,hydro_reservoir,2030,56,24,24,0.0
4801,hydro_reservoir,2030,57,1,1,0.0
4802,hydro_reservoir,2030,57,2,2,0.0
4803,hydro_reservoir,2030,57,3,3,0.0
4804,hydro_reservoir,2030,57,4,4,0.0
4805,hydro_reservoir,2030,57,5,5,0.0
4806,hydro_reservoir,2030,57,6,6,0.0
4807,hydro_reservoir,2030,57,7,7,0.0
4808,hydro_reservoir,2030,57,8,8,0.0
4809,hydro_reservoir,2030,57,9,9,0.0
4810,hydro_reservoir,2030,57,10,10,0.0
4811,hydro_reservoir,2030,57,11,11,0.0
4812,hydro_reservoir,2030,57,12,12,0.0
4813,hydro_reservoir,2030,57,13,13,0.0
4814,hydro_reservoir,2030,57,14,14,0.0
4815,hydro_reservoir,2030,57,15,15,0.0
4816,hydro_reservoir,2030,57,16,16,0.0
4817,hydro_reservoir,2030,57,17,17,0.0
4818,hydro_reservoir,2030,57,18,18,0.0
4819,hydro_reservoir,2030,57,19,19,0.0
4820,hydro_reservoir,2030,57,20,20,0.0
4821,hydro_reservoir,2030,57,21,21,0.0
4822,hydro_reservoir,2030,57,22,22,0.0
4823,hydro_reservoir,2030,57,23,23,0.0
4824,hydro_reservoir,2030,57,24,24,0.0
4825,hydro_reservoir,2030,58,1,1,0.0
4826,hydro_reservoir,2030,58,2,2,0.0
4827,hydro_reservoir,2030,58,3,3,0.0
4828,hydro_reservoir,2030,58,4,4,0.0
4829,hydro_reservoir,2030,58,5,5,0.0
4830,hydro_reservoir,2030,58,6,6,0.0
4831,hydro_reservoir,2030,58,7,7,0.0
4832,hydro_reservoir,2030,58,8,8,0.0
4833,hydro_reservoir,2030,58,9,9,0.0
4834,hydro_reservoir,2030,58,10,10,0.0
4835,hydro_reservoir,2030,58,11,11,0.0
4836,hydro_reservoir,2030,58,12,12,0.0
4837,hydro_reservoir,2030,58,13,13,0.0
4838,hydro_reservoir,2030,58,14,14,0.0
4839,hydro_reservoir,2030,58,15,15,0.0
4840,hydro_reservoir,2030,58,16,16,0.0
4841,hydro_reservoir,2030,58,17,17,0.0
4842,hydro_reservoir,2030,58,18,18,0.0
4843,hydro_reservoir,2030,58,19,19,0.0
4844,hydro_reservoir,2030,58,20,20,0.0
4845,hydro_reservoir,2030,58,21,21,0.0
4846,hydro_reservoir,2030,58,22,22,0.0
4847,hydro_reservoir,2030,58,23,23,0.0
4848,hydro_reservoir,2030,58,24,24,0.0
4849,hydro_reservoir,2030,59,1,1,0.0
4850,hydro_reservoir,2030,59,2,2,0.0
4851,hydro_reservoir,2030,59,3,3,0.0
4852,hydro_reservoir,2030,59,4,4,0.0
4853,hydro_reservoir,2030,59,5,5,0.0
4854,hydro_reservoir,2030,59,6,6,0.0
4855,hydro_reservoir,2030,59,7,7,0.0
4856,hydro_reservoir,2030,59,8,8,0.0
4857,hydro_reservoir,2030,59,9,9,0.0
4858,hydro_reservoir,2030,59,10,10,0.0
4859,hydro_reservoir,2030,59,11,11,0.0
4860,hydro_reservoir,2030,59,12,12,0.0
4861,hydro_reservoir,2030,59,13,13,0.0
4862,hydro_reservoir,2030,59,14,14,0.0
4863,hydro_reservoir,2030,59,15,15,0.0
4864,hydro_reservoir,2030,59,16,16,0.0
4865,hydro_reservoir,2030,59,17,17,0.0
4866,hydro_reservoir,2030,59,18,18,0.0
4867,hydro_reservoir,2030,59,19,19,0.0
4868,hydro_reservoir,2030,59,20,20,0.0
4869,hydro_reservoir,2030,59,21,21,0.0
4870,hydro_reservoir,2030,59,22,22,0.0
4871,hydro_reservoir,2030,59,23,23,0.0
4872,hydro_reservoir,2030,59,24,24,0.0
4873,hydro_reservoir,2030,60,1,1,0.0
4874,hydro_reservoir,2030,60,2,2,0.0
4875,hydro_reservoir,2030,60,3,3,0.0
4876,hydro_reservoir,2030,60,4,4,0.0
4877,hydro_reservoir,2030,60,5,5,0.0
4878,hydro_reservoir,2030,60,6,6,0.0
4879,hydro_reservoir,2030,60,7,7,0.0
4880,hydro_reservoir,2030,60,8,8,0.0
4881,hydro_reservoir,2030,60,9,9,0.0
4882,hydro_reservoir,2030,60,10,10,0.0
4883,hydro_reservoir,2030,60,11,11,0.0
4884,hydro_reservoir,2030,60,12,12,0.0
4885,hydro_reservoir,2030,60,13,13,0.0
4886,hydro_reservoir,2030,60,14,14,0.0
4887,hydro_reservoir,2030,60,15,15,0.0
4888,hydro_reservoir,2030,60,16,16,0.0
4889,hydro_reservoir,2030,60,17,17,0.0
4890,hydro_reservoir,2030,60,18,18,0.0
4891,hydro_reservoir,2030,60,19,19,0.0
4892,hydro_reservoir,2030,60,20,20,0.0
4893,hydro_reservoir,2030,60,21,21,0.0
4894,hydro_reservoir,2030,60,22,22,0.0
4895,hydro_reservoir,2030,60,23,23,0.0
4896,hydro_reservoir,2030,60,24,24,0.0
4897,hydro_reservoir,2030,61,1,1,0.0
4898,hydro_reservoir,2030,61,2,2,0.0
4899,hydro_reservoir,2030,61,3,3,0.0
4900,hydro_reservoir,2030,61,4,4,0.0
4901,hydro_reservoir,2030,61,5,5,0.0
4902,hydro_reservoir,2030,61,6,6,0.0
4903,hydro_reservoir,2030,61,7,7,0.0
4904,hydro_reservoir,2030,61,8,8,0.0
4905,hydro_reservoir,2030,61,9,9,0.0
4906,hydro_reservoir,2030,61,10,10,0.0
4907,hydro_reservoir,2030,61,11,11,0.0
4908,hydro_reservoir,2030,61,12,12,0.0
4909,hydro_reservoir,2030,61,13,13,0.0
4910,hydro_reservoir,2030,61,14,14,0.0
4911,hydro_reservoir,2030,61,15,15,0.0
4912,hydro_reservoir,2030,61,16,16,0.0
4913,hydro_reservoir,2030,61,17,17,0.0
4914,hydro_reservoir,2030,61,18,18,0.0
4915,hydro_reservoir,2030,61,19,19,0.0
4916,hydro_reservoir,2030,61,20,20,0.0
4917,hydro_reservoir,2030,61,21,21,0.0
4918,hydro_reservoir,2030,61,22,22,0.0
4919,hydro_reservoir,2030,61,23,23,0.0
4920,hydro_reservoir,2030,61,24,24,0.0
4921,hydro_reservoir,2030,62,1,1,0.0
4922,hydro_reservoir,2030,62,2,2,0.0
4923,hydro_reservoir,2030,62,3,3,0.0
4924,hydro_reservoir,2030,62,4,4,0.0
4925,hydro_reservoir,2030,62,5,5,0.0
4926,hydro_reservoir,2030,62,6,6,0.0
4927,hydro_reservoir,2030,62,7,7,0.0
4928,hydro_reservoir,2030,62,8,8,0.0
4929,hydro_reservoir,2030,62,9,9,0.0
4930,hydro_reservoir,2030,62,10,10,0.0
4931,hydro_reservoir,2030,62,11,11,0.0
4932,hydro_reservoir,2030,62,12,12,0.0
4933,hydro_reservoir,2030,62,13,13,0.0
4934,hydro_reservoir,2030,62,14,14,0.0
4935,hydro_reservoir,2030,62,15,15,0.0
4936,hydro_reservoir,2030,62,16,16,0.0
4937,hydro_reservoir,2030,62,17,17,0.0
4938,hydro_reservoir,2030,62,18,18,0.0
4939,hydro_reservoir,2030,62,19,19,0.0
4940,hydro_reservoir,2030,62,20,20,0.0
4941,hydro_reservoir,2030,62,21,21,0.0
4942,hydro_reservoir,2030,62,22,22,0.0
4943,hydro_reservoir,2030,62,23,23,0.0
4944,hydro_reservoir,2030,62,24,24,0.0
4945,hydro_reservoir,2030,63,1,1,0.0
4946,hydro_reservoir,2030,63,2,2,0.0
4947,hydro_reservoir,2030,63,3,3,0.0
4948,hydro_reservoir,2030,63,4,4,0.0
4949,hydro_reservoir,2030,63,5,5,0.0
4950,hydro_reservoir,2030,63,6,6,0.0
4951,hydro_reservoir,2030,63,7,7,0.0
4952,hydro_reservoir,2030,63,8,8,0.0
4953,hydro_reservoir,2030,63,9,9,0.0
4954,hydro_reservoir,2030,63,10,10,0.0
4955,hydro_reservoir,2030,63,11,11,0.0
4956,hydro_reservoir,2030,63,12,12,0.0
4957,hydro_reservoir,2030,63,13,13,0.0
4958,hydro_reservoir,2030,63,14,14,0.0
4959,hydro_reservoir,2030,63,15,15,0.0
4960,hydro_reservoir,2030,63,16,16,0.0
4961,hydro_reservoir,2030,63,17,17,0.0
4962,hydro_reservoir,2030,63,18,18,0.0
4963,hydro_reservoir,2030,63,19,19,0.0
4964,hydro_reservoir,2030,63,20,20,0.0
4965,hydro_reservoir,2030,63,21,21,0.0
4966,hydro_reservoir,2030,63,22,22,0.0
4967,hydro_reservoir,2030,63,23,23,0.0
4968,hydro_reservoir,2030,63,24,24,0.0
4969,hydro_reservoir,2030,64,1,1,0.0
4970,hydro_reservoir,2030,64,2,2,0.0
4971,hydro_reservoir,2030,64,3,3,0.0
4972,hydro_reservoir,2030,64,4,4,0.0
4973,hydro_reservoir,2030,64,5,5,0.0
4974,hydro_reservoir,2030,64,6,6,0.0
4975,hydro_reservoir,2030,64,7,7,0.0
4976,hydro_reservoir,2030,64,8,8,0.0
4977,hydro_reservoir,2030,64,9,9,0.0
4978,hydro_reservoir,2030,64,10,10,0.0
4979,hydro_reservoir,2030,64,11,11,0.0
4980,hydro_reservoir,2030,64,12,12,0.0
4981,hydro_reservoir,2030,64,13,13,0.0
4982,hydro_reservoir,2030,64,14,14,0.0
4983,hydro_reservoir,2030,64,15,15,0.0
4984,hydro_reservoir,2030,64,16,16,0.0
4985,hydro_reservoir,2030,64,17,17,0.0
4986,hydro_reservoir,2030,64,18,18,0.0
4987,hydro_reservoir,2030,64,19,19,0.0
4988,hydro_reservoir,2030,64,20,20,0.0
4989,hydro_reservoir,2030,64,21,21,0.0
4990,hydro_reservoir,2030,64,22,22,0.0
4991,hydro_reservoir,2030,64,23,23,0.0
4992,hydro_reservoir,2030,64,24,24,0.0
4993,hydro_reservoir,2030,65,1,1,0.0
4994,hydro_reservoir,2030,65,2,2,0.0
4995,hydro_reservoir,2030,65,3,3,0.0
4996,hydro_reservoir,2030,65,4,4,0.0
4997,hydro_reservoir,2030,65,5,5,0.0
4998,hydro_reservoir,2030,65,6,6,0.0
4999,hydro_reservoir,2030,65,7,7,0.0
5000,hydro_reservoir,2030,65,8,8,0.0
5001,hydro_reservoir,2030,65,9,9,0.0
5002,hydro_reservoir,2030,65,10,10,0.0
5003,hydro_reservoir,2030,65,11,11,0.0
5004,hydro_reservoir,2030,65,12,12,0.0
5005,hydro_reservoir,2030,65,13,13,0.0
5006,hydro_reservoir,2030,65,14,14,0.0
5007,hydro_reservoir,2030,65,15,15,0.0
5008,hydro_reservoir,2030,65,16,16,0.0
5009,hydro_reservoir,2030,65,17,17,0.0
5010,hydro_reservoir,2030,65,18,18,0.0
5011,hydro_reservoir,2030,65,19,19,0.0
5012,hydro_reservoir,2030,65,20,20,0.0
5013,hydro_reservoir,2030,65,21,21,0.0
5014,hydro_reservoir,2030,65,22,22,0.0
5015,hydro_reservoir,2030,65,23,23,0.0
5016,hydro_reservoir,2030,65,24,24,0.0
5017,hydro_reservoir,2030,66,1,1,0.0
5018,hydro_reservoir,2030,66,2,2,0.0
5019,hydro_reservoir,2030,66,3,3,0.0
5020,hydro_reservoir,2030,66,4,4,0.0
5021,hydro_reservoir,2030,66,5,5,0.0
5022,hydro_reservoir,2030,66,6,6,0.0
5023,hydro_reservoir,2030,66,7,7,0.0
5024,hydro_reservoir,2030,66,8,8,0.0
5025,hydro_reservoir,2030,66,9,9,0.0
5026,hydro_reservoir,2030,66,10,10,0.0
5027,hydro_reservoir,2030,66,11,11,0.0
5028,hydro_reservoir,2030,66,12,12,0.0
5029,hydro_reservoir,2030,66,13,13,0.0
5030,hydro_reservoir,2030,66,14,14,0.0
5031,hydro_reservoir,2030,66,15,15,0.0
5032,hydro_reservoir,2030,66,16,16,0.0
5033,hydro_reservoir,2030,66,17,17,0.0
5034,hydro_reservoir,2030,66,18,18,0.0
5035,hydro_reservoir,2030,66,19,19,0.0
5036,hydro_reservoir,2030,66,20,20,0.0
5037,hydro_reservoir,2030,66,21,21,0.0
5038,hydro_reservoir,2030,66,22,22,0.0
5039,hydro_reservoir,2030,66,23,23,0.0
5040,hydro_reservoir,2030,66,24,24,0.0
5041,hydro_reservoir,2030,67,1,1,0.0
5042,hydro_reservoir,2030,67,2,2,0.0
5043,hydro_reservoir,2030,67,3,3,0.0
5044,hydro_reservoir,2030,67,4,4,0.0
5045,hydro_reservoir,2030,67,5,5,0.0
5046,hydro_reservoir,2030,67,6,6,0.0
5047,hydro_reservoir,2030,67,7,7,0.0
5048,hydro_reservoir,2030,67,8,8,0.0
5049,hydro_reservoir,2030,67,9,9,0.0
5050,hydro_reservoir,2030,67,10,10,0.0
5051,hydro_reservoir,2030,67,11,11,0.0
5052,hydro_reservoir,2030,67,12,12,0.0
5053,hydro_reservoir,2030,67,13,13,0.0
5054,hydro_reservoir,2030,67,14,14,0.0
5055,hydro_reservoir,2030,67,15,15,0.0
5056,hydro_reservoir,2030,67,16,16,0.0
5057,hydro_reservoir,2030,67,17,17,0.0
5058,hydro_reservoir,2030,67,18,18,0.0
5059,hydro_reservoir,2030,67,19,19,0.0
5060,hydro_reservoir,2030,67,20,20,0.0
5061,hydro_reservoir,2030,67,21,21,0.0
5062,hydro_reservoir,2030,67,22,22,0.0
5063,hydro_reservoir,2030,67,23,23,0.0
5064,hydro_reservoir,2030,67,24,24,0.0
5065,hydro_reservoir,2030,68,1,1,0.0
5066,hydro_reservoir,2030,68,2,2,0.0
5067,hydro_reservoir,2030,68,3,3,0.0
5068,hydro_reservoir,2030,68,4,4,0.0
5069,hydro_reservoir,2030,68,5,5,0.0
5070,hydro_reservoir,2030,68,6,6,0.0
5071,hydro_reservoir,2030,68,7,7,0.0
5072,hydro_reservoir,2030,68,8,8,0.0
5073,hydro_reservoir,2030,68,9,9,0.0
5074,hydro_reservoir,2030,68,10,10,0.0
5075,hydro_reservoir,2030,68,11,11,0.0
5076,hydro_reservoir,2030,68,12,12,0.0
5077,hydro_reservoir,2030,68,13,13,0.0
5078,hydro_reservoir,2030,68,14,14,0.0
5079,hydro_reservoir,2030,68,15,15,0.0
5080,hydro_reservoir,2030,68,16,16,0.0
5081,hydro_reservoir,2030,68,17,17,0.0
5082,hydro_reservoir,2030,68,18,18,0.0
5083,hydro_reservoir,2030,68,19,19,0.0
5084,hydro_reservoir,2030,68,20,20,0.0
5085,hydro_reservoir,2030,68,21,21,0.0
5086,hydro_reservoir,2030,68,22,22,0.0
5087,hydro_reservoir,2030,68,23,23,0.0
5088,hydro_reservoir,2030,68,24,24,0.0
5089,hydro_reservoir,2030,69,1,1,0.0
5090,hydro_reservoir,2030,69,2,2,0.0
5091,hydro_reservoir,2030,69,3,3,0.0
5092,hydro_reservoir,2030,69,4,4,0.0
5093,hydro_reservoir,2030,69,5,5,0.0
5094,hydro_reservoir,2030,69,6,6,0.0
5095,hydro_reservoir,2030,69,7,7,0.0
5096,hydro_reservoir,2030,69,8,8,0.0
5097,hydro_reservoir,2030,69,9,9,0.0
5098,hydro_reservoir,2030,69,10,10,0.0
5099,hydro_reservoir,2030,69,11,11,0.0
5100,hydro_reservoir,2030,69,12,12,0.0
5101,hydro_reservoir,2030,69,13,13,0.0
5102,hydro_reservoir,2030,69,14,14,0.0
5103,hydro_reservoir,2030,69,15,15,0.0
5104,hydro_reservoir,2030,69,16,16,0.0
5105,hydro_reservoir,2030,69,17,17,0.0
5106,hydro_reservoir,2030,69,18,18,0.0
5107,hydro_reservoir,2030,69,19,19,0.0
5108,hydro_reservoir,2030,69,20,20,0.0
5109,hydro_reservoir,2030,69,21,21,0.0
5110,hydro_reservoir,2030,69,22,22,0.0
5111,hydro_reservoir,2030,69,23,23,0.0
5112,hydro_reservoir,2030,69,24,24,0.0
5113,hydro_reservoir,2030,70,1,1,0.0
5114,hydro_reservoir,2030,70,2,2,0.0
5115,hydro_reservoir,2030,70,3,3,0.0
5116,hydro_reservoir,2030,70,4,4,0.0
5117,hydro_reservoir,2030,70,5,5,0.0
5118,hydro_reservoir,2030,70,6,6,0.0
5119,hydro_reservoir,2030,70,7,7,0.0
5120,hydro_reservoir,2030,70,8,8,0.0
5121,hydro_reservoir,2030,70,9,9,0.0
5122,hydro_reservoir,2030,70,10,10,0.0
5123,hydro_reservoir,2030,70,11,11,0.0
5124,hydro_reservoir,2030,70,12,12,0.0
5125,hydro_reservoir,2030,70,13,13,0.0
5126,hydro_reservoir,2030,70,14,14,0.0
5127,hydro_reservoir,2030,70,15,15,0.0
5128,hydro_reservoir,2030,70,16,16,0.0
5129,hydro_reservoir,2030,70,17,17,0.0
5130,hydro_reservoir,2030,70,18,18,0.0
5131,hydro_reservoir,2030,70,19,19,0.0
5132,hydro_reservoir,2030,70,20,20,0.0
5133,hydro_reservoir,2030,70,21,21,0.0
5134,hydro_reservoir,2030,70,22,22,0.0
5135,hydro_reservoir,2030,70,23,23,0.0
5136,hydro_reservoir,2030,70,24,24,0.0
5137,hydro_reservoir,2030,71,1,1,0.0
5138,hydro_reservoir,2030,71,2,2,0.0
5139,hydro_reservoir,2030,71,3,3,0.0
5140,hydro_reservoir,2030,71,4,4,0.0
5141,hydro_reservoir,2030,71,5,5,0.0
5142,hydro_reservoir,2030,71,6,6,0.0
5143,hydro_reservoir,2030,71,7,7,0.0
5144,hydro_reservoir,2030,71,8,8,0.0
5145,hydro_reservoir,2030,71,9,9,0.0
5146,hydro_reservoir,2030,71,10,10,0.0
5147,hydro_reservoir,2030,71,11,11,0.0
5148,hydro_reservoir,2030,71,12,12,0.0
5149,hydro_reservoir,2030,71,13,13,0.0
5150,hydro_reservoir,2030,71,14,14,0.0
5151,hydro_reservoir,2030,71,15,15,0.0
5152,hydro_reservoir,2030,71,16,16,0.0
5153,hydro_reservoir,2030,71,17,17,0.0
5154,hydro_reservoir,2030,71,18,18,0.0
5155,hydro_reservoir,2030,71,19,19,0.0
5156,hydro_reservoir,2030,71,20,20,0.0
5157,hydro_reservoir,2030,71,21,21,0.0
5158,hydro_reservoir,2030,71,22,22,0.0
5159,hydro_reservoir,2030,71,23,23,0.0
5160,hydro_reservoir,2030,71,24,24,0.0
5161,hydro_reservoir,2030,72,1,1,0.0
5162,hydro_reservoir,2030,72,2,2,0.0
5163,hydro_reservoir,2030,72,3,3,0.0
5164,hydro_reservoir,2030,72,4,4,0.0
5165,hydro_reservoir,2030,72,5,5,0.0
5166,hydro_reservoir,2030,72,6,6,0.0
5167,hydro_reservoir,2030,72,7,7,0.0
5168,hydro_reservoir,2030,72,8,8,0.0
5169,hydro_reservoir,2030,72,9,9,0.0
5170,hydro_reservoir,2030,72,10,10,0.0
5171,hydro_reservoir,2030,72,11,11,0.0
5172,hydro_reservoir,2030,72,12,12,0.0
5173,hydro_reservoir,2030,72,13,13,0.0
5174,hydro_reservoir,2030,72,14,14,0.0
5175,hydro_reservoir,2030,72,15,15,0.0
5176,hydro_reservoir,2030,72,16,16,0.0
5177,hydro_reservoir,2030,72,17,17,0.0
5178,hydro_reservoir,2030,72,18,18,0.0
5179,hydro_reservoir,2030,72,19,19,0.0
5180,hydro_reservoir,2030,72,20,20,0.0
5181,hydro_reservoir,2030,72,21,21,0.0
5182,hydro_reservoir,2030,72,22,22,0.0
5183,hydro_reservoir,2030,72,23,23,0.0
5184,hydro_reservoir,2030,72,24,24,0.0
